        Label (%Miss) Pop:  Inferred clusters
  1 BD_BH_90997    (0)    1 :  0.680 0.255 0.045 0.020 
  2 BR_BH_00373    (0)    2 :  0.075 0.846 0.038 0.041 
  3 BR_BH_00374    (3)    2 :  0.023 0.966 0.005 0.005 
  4 BR_BH_00375    (0)    2 :  0.019 0.965 0.009 0.007 
  5 BR_BH_00376    (0)    2 :  0.006 0.988 0.003 0.003 
  6 BR_BH_00377    (0)    2 :  0.013 0.964 0.013 0.010 
  7 BR_BH_00378    (3)    2 :  0.577 0.409 0.006 0.008 
  8 BR_BH_00379    (0)    2 :  0.256 0.717 0.014 0.013 
  9 BR_BH_00381    (0)    2 :  0.079 0.901 0.009 0.011 
 10 BR_BH_00382    (0)    2 :  0.022 0.969 0.005 0.005 
 11 BR_BH_00383    (0)    2 :  0.010 0.982 0.004 0.004 
 12 BR_BH_00384    (0)    2 :  0.045 0.943 0.007 0.005 
 13 BR_BH_00385    (0)    2 :  0.285 0.704 0.005 0.006 
 14 BR_BH_00391    (6)    2 :  0.092 0.878 0.015 0.015 
 15 BR_BH_00394    (0)    2 :  0.091 0.872 0.018 0.019 
 16 BR_BH_00395    (3)    2 :  0.013 0.931 0.038 0.018 
 17 BR_BH_00397    (0)    2 :  0.025 0.966 0.005 0.005 
 18 BR_BH_00398    (3)    2 :  0.014 0.973 0.007 0.006 
 19 BR_BH_00399    (0)    2 :  0.688 0.285 0.012 0.015 
 20 BR_BH_00400    (0)    2 :  0.010 0.939 0.035 0.016 
 21 BR_BH_00401    (0)    2 :  0.033 0.954 0.007 0.006 
 22 BR_BH_00402    (0)    2 :  0.021 0.968 0.006 0.006 
 23 BR_BH_00403    (0)    2 :  0.010 0.981 0.005 0.004 
 24 BR_BH_00405    (0)    2 :  0.034 0.944 0.012 0.010 
 25 BR_BH_00406    (0)    2 :  0.010 0.983 0.003 0.003 
 26 BR_BH_00407    (3)    2 :  0.010 0.970 0.012 0.008 
 27 BR_BH_00408    (0)    2 :  0.019 0.975 0.003 0.003 
 28 BR_BH_00409    (0)    2 :  0.023 0.953 0.016 0.009 
 29 BR_BH_00410    (0)    2 :  0.011 0.983 0.003 0.003 
 30 BR_BH_00411    (3)    2 :  0.013 0.978 0.005 0.004 
 31 BR_BH_00412    (0)    2 :  0.017 0.972 0.006 0.005 
 32 BR_BH_00722    (0)    2 :  0.045 0.945 0.005 0.005 
 33 BR_BH_00723    (0)    2 :  0.302 0.678 0.010 0.010 
 34 BR_BH_00724    (0)    2 :  0.011 0.980 0.005 0.004 
 35 BR_BH_00725    (0)    2 :  0.044 0.932 0.013 0.011 
 36 BR_BH_00726    (0)    2 :  0.806 0.179 0.007 0.008 
 37 BR_BH_00727    (0)    2 :  0.009 0.965 0.016 0.010 
 38 BR_BH_00728    (0)    2 :  0.270 0.699 0.012 0.018 
 39 BR_BH_51614    (3)    2 :  0.032 0.950 0.008 0.011 
 40 BR_BH_90002    (0)    2 :  0.017 0.010 0.065 0.909 
 41 BR_BH_90052    (0)    2 :  0.020 0.961 0.009 0.010 
 42 BR_BH_90053    (0)    2 :  0.025 0.963 0.006 0.006 
 43 BR_BH_90093    (0)    2 :  0.016 0.961 0.013 0.010 
 44 BR_BH_90306    (0)    2 :  0.064 0.927 0.004 0.004 
 45 BR_BH_90314    (0)    2 :  0.248 0.713 0.018 0.021 
 46 BR_BH_90322    (0)    2 :  0.512 0.458 0.014 0.015 
 47 BR_BH_90330    (0)    2 :  0.017 0.965 0.010 0.009 
 48 BR_BH_90351    (0)    2 :  0.331 0.641 0.012 0.016 
 49 BR_BH_90353    (0)    2 :  0.023 0.963 0.007 0.007 
 50 BR_BH_90356    (0)    2 :  0.032 0.939 0.016 0.013 
 51 BR_BH_90364    (0)    2 :  0.040 0.933 0.016 0.012 
 52 BR_BH_90366   (18)    2 :  0.018 0.961 0.012 0.008 
 53 BR_BH_90381    (0)    2 :  0.038 0.953 0.005 0.005 
 54 BR_BH_90392    (0)    2 :  0.039 0.899 0.037 0.025 
 55 BR_BH_90394    (0)    2 :  0.069 0.904 0.015 0.011 
 56 BR_BH_91091    (0)    2 :  0.105 0.884 0.005 0.005 
 57 BR_BH_91101    (0)    2 :  0.039 0.932 0.015 0.014 
 58 BR_BH_91102    (0)    2 :  0.025 0.952 0.012 0.011 
 59 BR_BH_91107    (3)    2 :  0.147 0.832 0.010 0.011 
 60 BR_BH_91110    (0)    2 :  0.026 0.951 0.012 0.011 
 61 BR_BH_91115    (0)    2 :  0.012 0.979 0.004 0.004 
 62 BR_BH_91122    (0)    2 :  0.011 0.978 0.006 0.005 
 63 BR_BH_91123    (0)    2 :  0.018 0.971 0.006 0.005 
 64 BR_BH_91124    (0)    2 :  0.015 0.979 0.004 0.003 
 65 BR_BH_91127    (0)    2 :  0.160 0.808 0.014 0.018 
 66 BR_BH_91128    (0)    2 :  0.169 0.775 0.028 0.028 
 67 BR_BH_91129    (0)    2 :  0.016 0.964 0.012 0.007 
 68 BR_BH_91134    (0)    2 :  0.009 0.984 0.004 0.003 
 69 BR_BH_91135    (0)    2 :  0.017 0.967 0.008 0.008 
 70 BR_BH_91137    (0)    2 :  0.647 0.329 0.011 0.013 
 71 BR_BH_91138    (0)    2 :  0.502 0.470 0.012 0.016 
 72 BR_BH_91143    (0)    2 :  0.033 0.950 0.009 0.009 
 73 BR_BH_91145    (0)    2 :  0.042 0.931 0.014 0.013 
 74 BR_BH_91146    (0)    2 :  0.008 0.006 0.132 0.854 
 75 BR_BH_91150    (0)    2 :  0.032 0.954 0.007 0.007 
 76 BR_BH_91155    (0)    2 :  0.101 0.867 0.012 0.020 
 77 BR_BH_91176    (0)    2 :  0.902 0.076 0.012 0.011 
 78 BR_BH_91178    (0)    2 :  0.174 0.774 0.028 0.025 
 79 BR_BH_91183    (0)    2 :  0.189 0.788 0.010 0.013 
 80 BR_BH_91187    (0)    2 :  0.016 0.978 0.003 0.003 
 81 BR_BH_91514    (0)    2 :  0.028 0.947 0.014 0.012 
 82 BR_BH_91525    (0)    2 :  0.023 0.969 0.004 0.003 
 83 BR_BH_91550    (0)    2 :  0.036 0.952 0.007 0.006 
 84 BR_BH_91558    (0)    2 :  0.026 0.917 0.032 0.025 
 85 BR_BH_91559    (0)    2 :  0.121 0.850 0.016 0.014 
 86 BR_BH_91561    (0)    2 :  0.013 0.979 0.004 0.004 
 87 BR_BH_91563    (0)    2 :  0.128 0.860 0.006 0.006 
 88 BR_BH_91566    (3)    2 :  0.033 0.958 0.005 0.004 
 89 BR_BH_91585    (0)    2 :  0.979 0.011 0.005 0.005 
 90 BR_BH_91588    (3)    2 :  0.241 0.728 0.014 0.017 
 91 BR_BH_92990    (0)    2 :  0.017 0.972 0.006 0.005 
 92 BR_BH_92997    (0)    2 :  0.025 0.963 0.006 0.006 
 93 BR_BH_93007    (0)    2 :  0.013 0.981 0.003 0.003 
 94 BR_BH_93009    (0)    2 :  0.078 0.909 0.006 0.007 
 95 BR_BH_93013    (0)    2 :  0.431 0.553 0.008 0.009 
 96 BR_BH_93014    (0)    2 :  0.164 0.821 0.007 0.007 
 97 BR_BH_93047    (0)    2 :  0.033 0.958 0.004 0.005 
 98 BR_BH_93048    (0)    2 :  0.056 0.898 0.028 0.018 
 99 BR_BH_93050    (3)    2 :  0.144 0.767 0.052 0.037 
100 BR_BH_93051    (0)    2 :  0.007 0.980 0.008 0.005 
101 BR_BH_93053    (0)    2 :  0.544 0.408 0.024 0.024 
102 BR_BH_93060    (0)    2 :  0.442 0.506 0.025 0.026 
103 BR_BH_93064    (0)    2 :  0.106 0.698 0.132 0.063 
104 BR_BH_93065    (0)    2 :  0.723 0.153 0.057 0.067 
105 BR_BH_93067    (0)    2 :  0.031 0.930 0.016 0.023 
106 BR_BH_93075    (0)    2 :  0.072 0.890 0.023 0.015 
107 BR_BH_93076    (0)    2 :  0.027 0.963 0.006 0.004 
108 BR_BH_93084    (0)    2 :  0.047 0.940 0.006 0.007 
109 BR_BH_93085    (0)    2 :  0.017 0.968 0.008 0.007 
110 BR_BH_93091    (0)    2 :  0.009 0.979 0.006 0.006 
111 BR_BH_93092    (3)    2 :  0.011 0.977 0.006 0.006 
112 BR_BH_93093    (0)    2 :  0.875 0.103 0.011 0.011 
113 BR_BH_93096    (0)    2 :  0.012 0.975 0.006 0.007 
114 BR_BH_93097    (0)    2 :  0.011 0.939 0.033 0.017 
115 BR_BH_93099    (0)    2 :  0.023 0.961 0.009 0.007 
116 BR_BH_93106    (0)    2 :  0.013 0.971 0.008 0.008 
117 BR_BH_93108    (0)    2 :  0.015 0.966 0.009 0.009 
118 BR_BH_93109    (0)    2 :  0.885 0.098 0.008 0.009 
119 BR_BH_93112    (0)    2 :  0.010 0.983 0.004 0.003 
120 BR_BH_93114    (0)    2 :  0.065 0.869 0.040 0.026 
121 BR_BH_93116    (0)    2 :  0.029 0.914 0.034 0.023 
122 BR_BH_93117    (0)    2 :  0.142 0.838 0.010 0.010 
123 BR_BH_93122    (0)    2 :  0.244 0.744 0.006 0.006 
124 BR_BH_93130    (3)    2 :  0.854 0.132 0.007 0.008 
125 BR_BH_93131    (0)    2 :  0.011 0.979 0.006 0.004 
126 BR_BH_93132    (0)    2 :  0.268 0.692 0.018 0.023 
127 BR_BH_93133    (0)    2 :  0.480 0.502 0.010 0.008 
128 BR_BH_93136    (0)    2 :  0.013 0.977 0.005 0.004 
129 BR_BH_93137    (0)    2 :  0.011 0.982 0.003 0.003 
130 BR_BH_93138    (0)    2 :  0.071 0.900 0.016 0.013 
131 BR_BH_93140    (0)    2 :  0.169 0.819 0.006 0.006 
132 BR_BH_93145    (0)    2 :  0.017 0.963 0.012 0.009 
133 BR_BH_93147    (0)    2 :  0.314 0.611 0.050 0.025 
134 BR_BH_93148    (0)    2 :  0.011 0.967 0.013 0.009 
135 BR_BH_93151    (0)    2 :  0.047 0.895 0.034 0.024 
136 BR_BH_93153    (3)    2 :  0.011 0.976 0.007 0.006 
137 BR_BH_93154    (3)    2 :  0.012 0.977 0.005 0.005 
138 BR_BH_93155    (0)    2 :  0.008 0.977 0.009 0.006 
139 BR_BH_93178    (0)    2 :  0.053 0.934 0.006 0.006 
140 BR_BH_93194    (0)    2 :  0.033 0.953 0.008 0.006 
141 BB_BH_00251    (0)    3 :  0.340 0.124 0.258 0.278 
142 BB_BH_00252    (0)    3 :  0.012 0.010 0.084 0.894 
143 BB_BH_00253    (0)    3 :  0.018 0.050 0.212 0.720 
144 BB_BH_00254    (0)    3 :  0.668 0.291 0.025 0.015 
145 BB_BH_00255    (0)    3 :  0.008 0.012 0.907 0.072 
146 BB_BH_00256    (0)    3 :  0.009 0.007 0.333 0.650 
147 BB_BH_00257    (0)    3 :  0.010 0.012 0.936 0.042 
148 BB_BH_00258    (0)    3 :  0.006 0.004 0.245 0.745 
149 BB_BH_00259    (0)    3 :  0.032 0.014 0.555 0.399 
150 BB_BH_00260    (0)    3 :  0.011 0.017 0.927 0.045 
151 BB_BH_00261    (0)    3 :  0.010 0.007 0.114 0.870 
152 BB_BH_00262    (0)    3 :  0.070 0.150 0.627 0.153 
153 BB_BH_00263    (0)    3 :  0.008 0.012 0.808 0.172 
154 BB_BH_00264    (0)    3 :  0.019 0.012 0.349 0.619 
155 BB_BH_00275    (0)    3 :  0.008 0.006 0.241 0.745 
156 BB_BH_00276    (0)    3 :  0.013 0.020 0.920 0.048 
157 BB_BH_00277    (0)    3 :  0.004 0.003 0.892 0.101 
158 BB_BH_00278    (0)    3 :  0.003 0.003 0.194 0.801 
159 BB_BH_00279    (0)    3 :  0.003 0.002 0.141 0.853 
160 BB_BH_00281    (0)    3 :  0.040 0.053 0.859 0.048 
161 BB_BH_00283    (0)    3 :  0.010 0.007 0.454 0.530 
162 BB_BH_00288    (0)    3 :  0.049 0.025 0.121 0.805 
163 BB_BH_00289    (0)    3 :  0.041 0.006 0.691 0.262 
164 BB_BH_00290    (0)    3 :  0.151 0.071 0.650 0.128 
165 BB_BH_00291    (0)    3 :  0.004 0.003 0.084 0.909 
166 BB_BH_00292    (0)    3 :  0.032 0.011 0.511 0.445 
167 BB_BH_00293    (0)    3 :  0.343 0.195 0.144 0.318 
168 BB_BH_00299    (0)    3 :  0.415 0.048 0.285 0.251 
169 BB_BH_00300    (0)    3 :  0.038 0.009 0.494 0.459 
170 BB_BH_00652    (0)    3 :  0.102 0.075 0.458 0.365 
171 BB_BH_00653    (3)    3 :  0.013 0.012 0.063 0.911 
172 BB_BH_00734    (3)    3 :  0.698 0.038 0.135 0.129 
173 BB_BH_00738    (0)    3 :  0.011 0.010 0.131 0.848 
174 BB_BH_00743    (6)    3 :  0.429 0.183 0.136 0.252 
175 BB_BH_00746    (0)    3 :  0.058 0.018 0.344 0.580 
176 BB_BH_01480    (0)    3 :  0.005 0.003 0.112 0.880 
177 BB_BH_01481    (0)    3 :  0.157 0.021 0.413 0.409 
178 BB_BH_01482    (0)    3 :  0.007 0.004 0.230 0.759 
179 BB_BH_01670    (0)    3 :  0.011 0.012 0.923 0.053 
180 BB_BH_01672    (0)    3 :  0.090 0.349 0.410 0.152 
181 BB_BH_01673    (0)    3 :  0.016 0.010 0.396 0.579 
182 BB_BH_01674    (0)    3 :  0.107 0.279 0.252 0.362 
183 BB_BH_01675    (0)    3 :  0.032 0.029 0.262 0.677 
184 BB_BH_01676    (0)    3 :  0.009 0.007 0.216 0.767 
185 BB_BH_01677    (0)    3 :  0.009 0.010 0.074 0.907 
186 BB_BH_01678    (0)    3 :  0.007 0.007 0.132 0.854 
187 BB_BH_01679    (0)    3 :  0.223 0.023 0.538 0.215 
188 BB_BH_01680    (0)    3 :  0.031 0.020 0.825 0.124 
189 BB_BH_01681    (0)    3 :  0.017 0.007 0.251 0.725 
190 BB_BH_01682    (0)    3 :  0.463 0.512 0.016 0.009 
191 BB_BH_01685    (0)    3 :  0.008 0.006 0.109 0.877 
192 BB_BH_01686    (3)    3 :  0.015 0.027 0.926 0.032 
193 BB_BH_01687    (0)    3 :  0.215 0.031 0.473 0.281 
194 BB_BH_01688    (0)    3 :  0.045 0.017 0.235 0.703 
195 BB_BH_01909    (0)    3 :  0.141 0.100 0.305 0.455 
196 BB_BH_01910    (0)    3 :  0.273 0.227 0.445 0.054 
197 BB_BH_01911    (0)    3 :  0.032 0.055 0.818 0.095 
198 BB_BH_01912    (0)    3 :  0.009 0.035 0.925 0.030 
199 BB_BH_01913    (0)    3 :  0.587 0.060 0.209 0.144 
200 BB_BH_01914    (0)    3 :  0.661 0.064 0.103 0.173 
201 BB_BH_01915    (0)    3 :  0.072 0.025 0.301 0.601 
202 BB_BH_01916    (0)    3 :  0.087 0.127 0.238 0.548 
203 BB_BH_01917    (0)    3 :  0.238 0.104 0.234 0.424 
204 BB_BH_01918    (0)    3 :  0.037 0.029 0.902 0.032 
205 BB_BH_02368    (0)    3 :  0.026 0.015 0.105 0.854 
206 BB_BH_50011    (0)    3 :  0.689 0.176 0.070 0.065 
207 BB_BH_51007    (0)    3 :  0.046 0.044 0.878 0.032 
208 BB_BH_51008    (0)    3 :  0.040 0.082 0.853 0.024 
209 BB_BH_51009    (0)    3 :  0.530 0.107 0.170 0.193 
210 BB_BH_51105    (0)    3 :  0.008 0.005 0.460 0.527 
211 BB_BH_51106    (0)    3 :  0.008 0.006 0.096 0.891 
212 BB_BH_51107    (0)    3 :  0.005 0.004 0.214 0.777 
213 BB_BH_51108    (0)    3 :  0.092 0.044 0.076 0.787 
214 BB_BH_51109    (0)    3 :  0.018 0.008 0.114 0.860 
215 BB_BH_51112    (0)    3 :  0.009 0.009 0.936 0.046 
216 BB_BH_51113    (0)    3 :  0.009 0.004 0.140 0.847 
217 BB_BH_51114    (0)    3 :  0.435 0.120 0.313 0.131 
218 BB_BH_51115    (0)    3 :  0.169 0.058 0.268 0.505 
219 BB_BH_51124    (0)    3 :  0.007 0.006 0.971 0.015 
220 BB_BH_51125    (0)    3 :  0.005 0.005 0.166 0.824 
221 BB_BH_51127    (0)    3 :  0.008 0.007 0.067 0.917 
222 BB_BH_51129    (0)    3 :  0.005 0.004 0.144 0.847 
223 BB_BH_51130    (0)    3 :  0.032 0.048 0.577 0.343 
224 BB_BH_51131    (0)    3 :  0.007 0.007 0.951 0.035 
225 BB_BH_51132    (3)    3 :  0.192 0.115 0.191 0.501 
226 BB_BH_51133    (0)    3 :  0.103 0.049 0.429 0.419 
227 BB_BH_51134    (0)    3 :  0.358 0.113 0.354 0.176 
228 BB_BH_51135    (0)    3 :  0.016 0.020 0.923 0.041 
229 BB_BH_51136    (0)    3 :  0.007 0.014 0.929 0.049 
230 BB_BH_51246    (0)    3 :  0.565 0.120 0.182 0.133 
231 BB_BH_51397    (0)    3 :  0.017 0.009 0.303 0.672 
232 BB_BH_90063    (0)    3 :  0.013 0.009 0.178 0.800 
233 BB_BH_90082    (0)    3 :  0.031 0.023 0.403 0.544 
234 BB_BH_90084    (0)    3 :  0.016 0.009 0.079 0.897 
235 BB_BH_90095    (0)    3 :  0.043 0.030 0.458 0.469 
236 BB_BH_90098    (0)    3 :  0.010 0.011 0.185 0.794 
237 BB_BH_90100    (0)    3 :  0.122 0.066 0.363 0.449 
238 BB_BH_90102    (0)    3 :  0.036 0.036 0.300 0.628 
239 BB_BH_90108    (0)    3 :  0.020 0.014 0.288 0.678 
240 BB_BH_90117    (9)    3 :  0.046 0.029 0.426 0.499 
241 BB_BH_90120    (0)    3 :  0.008 0.005 0.269 0.719 
242 BB_BH_90124    (0)    3 :  0.007 0.005 0.121 0.867 
243 BB_BH_90127    (0)    3 :  0.207 0.068 0.340 0.384 
244 BB_BH_90130    (0)    3 :  0.006 0.010 0.956 0.028 
245 BB_BH_90132    (0)    3 :  0.011 0.010 0.150 0.829 
246 BB_BH_90133    (0)    3 :  0.008 0.005 0.241 0.746 
247 BB_BH_90134    (0)    3 :  0.009 0.026 0.905 0.060 
248 BB_BH_90137    (0)    3 :  0.273 0.061 0.247 0.419 
249 BB_BH_90167    (0)    3 :  0.005 0.005 0.951 0.039 
250 BB_BH_90190    (0)    3 :  0.032 0.034 0.756 0.179 
251 BB_BH_90199    (0)    3 :  0.039 0.034 0.475 0.452 
252 BB_BH_90203    (0)    3 :  0.012 0.007 0.172 0.809 
253 BB_BH_90205    (0)    3 :  0.011 0.010 0.932 0.048 
254 BB_BH_90207    (0)    3 :  0.008 0.007 0.180 0.805 
255 BB_BH_90208    (0)    3 :  0.007 0.008 0.864 0.121 
256 BB_BH_90209    (0)    3 :  0.070 0.187 0.490 0.253 
257 BB_BH_90214    (0)    3 :  0.005 0.004 0.074 0.917 
258 BB_BH_90216    (0)    3 :  0.005 0.007 0.093 0.895 
259 BB_BH_90219    (0)    3 :  0.019 0.033 0.910 0.037 
260 BB_BH_90221    (0)    3 :  0.006 0.005 0.112 0.877 
261 BB_BH_90229    (0)    3 :  0.006 0.004 0.204 0.785 
262 BB_BH_90230    (0)    3 :  0.006 0.005 0.090 0.899 
263 BB_BH_90248    (0)    3 :  0.028 0.037 0.922 0.013 
264 BB_BH_90441    (0)    3 :  0.010 0.009 0.108 0.874 
265 BB_BH_90445    (0)    3 :  0.005 0.003 0.086 0.906 
266 BB_BH_90446    (0)    3 :  0.012 0.021 0.288 0.678 
267 BB_BH_90447    (0)    3 :  0.007 0.007 0.881 0.106 
268 BB_BH_90451    (0)    3 :  0.034 0.030 0.800 0.136 
269 BB_BH_90453    (0)    3 :  0.013 0.012 0.879 0.096 
270 BB_BH_90734    (0)    3 :  0.267 0.035 0.477 0.221 
271 BB_BH_90739    (0)    3 :  0.043 0.027 0.443 0.488 
272 BB_BH_90750    (0)    3 :  0.120 0.251 0.521 0.108 
273 BB_BH_90751    (0)    3 :  0.057 0.047 0.853 0.043 
274 BB_BH_90753    (3)    3 :  0.006 0.009 0.095 0.890 
275 BB_BH_90760    (0)    3 :  0.024 0.015 0.218 0.744 
276 BB_BH_90773    (3)    3 :  0.828 0.141 0.015 0.017 
277 BB_BH_90832    (0)    3 :  0.024 0.030 0.809 0.138 
278 BB_BH_90841    (0)    3 :  0.050 0.067 0.355 0.527 
279 BB_BH_90851    (0)    3 :  0.177 0.056 0.610 0.157 
280 BB_BH_90853    (0)    3 :  0.618 0.053 0.102 0.227 
281 BB_BH_90855    (9)    3 :  0.112 0.171 0.643 0.074 
282 BB_BH_90872    (0)    3 :  0.811 0.023 0.127 0.039 
283 BB_BH_90880    (0)    3 :  0.066 0.102 0.426 0.406 
284 BB_BH_90882    (0)    3 :  0.009 0.009 0.281 0.701 
285 BB_BH_90886    (0)    3 :  0.064 0.039 0.198 0.699 
286 BB_BH_90888    (0)    3 :  0.018 0.020 0.281 0.681 
287 BB_BH_90894    (0)    3 :  0.009 0.020 0.919 0.052 
288 BB_BH_90895    (0)    3 :  0.018 0.015 0.169 0.797 
289 BB_BH_90896    (0)    3 :  0.010 0.018 0.941 0.031 
290 BG_BH_01555    (0)    4 :  0.048 0.012 0.595 0.345 
291 BG_BH_01560    (0)    4 :  0.028 0.019 0.914 0.039 
292 BG_BH_01567    (0)    4 :  0.143 0.110 0.379 0.368 
293 BG_BH_01569    (0)    4 :  0.017 0.074 0.897 0.012 
294 BG_BH_01570    (9)    4 :  0.110 0.037 0.355 0.499 
295 BG_BH_01571    (0)    4 :  0.460 0.035 0.300 0.204 
296 BG_BH_01576    (0)    4 :  0.122 0.028 0.266 0.584 
297 BG_BH_01580    (0)    4 :  0.008 0.006 0.114 0.872 
298 BG_BH_01701    (6)    4 :  0.144 0.157 0.628 0.071 
299 BG_BH_01717    (6)    4 :  0.006 0.011 0.970 0.013 
300 BG_BH_01722    (3)    4 :  0.653 0.023 0.146 0.178 
301 BG_BH_01846   (12)    4 :  0.045 0.020 0.368 0.568 
302 BG_BH_90003    (0)    4 :  0.012 0.012 0.089 0.888 
303 BG_BH_90004    (0)    4 :  0.037 0.024 0.071 0.867 
304 BG_BH_90162    (0)    4 :  0.004 0.004 0.089 0.903 
305 BG_BH_90163    (0)    4 :  0.119 0.053 0.764 0.064 
306 BG_BH_90164    (0)    4 :  0.394 0.053 0.259 0.294 
307 BG_BH_90168    (0)    4 :  0.005 0.007 0.942 0.046 
308 BG_BH_90176    (0)    4 :  0.030 0.035 0.238 0.697 
309 BG_BH_90177    (0)    4 :  0.164 0.049 0.272 0.514 
310 BG_BH_90180    (0)    4 :  0.094 0.067 0.399 0.441 
311 BG_BH_90183    (0)    4 :  0.009 0.050 0.929 0.012 
312 BG_BH_90188    (0)    4 :  0.525 0.146 0.281 0.047 
313 BG_BH_90202    (0)    4 :  0.063 0.057 0.835 0.045 
314 BG_BH_90211    (0)    4 :  0.010 0.006 0.305 0.679 
315 BG_BH_90215    (0)    4 :  0.058 0.049 0.863 0.031 
316 BG_BH_90235    (0)    4 :  0.006 0.005 0.844 0.145 
317 BG_BH_90244    (0)    4 :  0.053 0.031 0.161 0.756 
318 BG_BH_90246    (0)    4 :  0.807 0.027 0.074 0.092 
319 BG_BH_90249    (0)    4 :  0.009 0.014 0.865 0.111 
320 BG_BH_90256    (0)    4 :  0.283 0.102 0.369 0.246 
321 BG_BH_90270    (0)    4 :  0.449 0.028 0.192 0.331 
322 BG_BH_90301    (0)    4 :  0.930 0.043 0.014 0.013 
323 BG_BH_90304    (0)    4 :  0.017 0.016 0.075 0.892 
324 BG_BH_90310    (0)    4 :  0.012 0.007 0.189 0.792 
325 BG_BH_90316    (0)    4 :  0.145 0.051 0.378 0.427 
326 BG_BH_90408    (0)    4 :  0.016 0.016 0.248 0.719 
327 BG_BH_90420    (0)    4 :  0.252 0.056 0.345 0.348 
328 BG_BH_90425    (0)    4 :  0.038 0.007 0.673 0.282 
329 BG_BH_90428    (0)    4 :  0.007 0.007 0.844 0.142 
330 BG_BH_90433    (0)    4 :  0.367 0.031 0.576 0.027 
331 BG_BH_90437    (0)    4 :  0.011 0.006 0.230 0.753 
332 BG_BH_90443    (0)    4 :  0.122 0.216 0.462 0.199 
333 BG_BH_90444    (0)    4 :  0.077 0.052 0.412 0.460 
334 BG_BH_90454    (0)    4 :  0.014 0.005 0.453 0.528 
335 BG_BH_90455    (0)    4 :  0.013 0.006 0.398 0.584 
336 BG_BH_90458    (0)    4 :  0.006 0.004 0.101 0.889 
337 BG_BH_90460    (0)    4 :  0.024 0.019 0.142 0.815 
338 BG_BH_90500    (0)    4 :  0.009 0.014 0.834 0.142 
339 BG_BH_90537    (0)    4 :  0.020 0.027 0.906 0.047 
340 BG_BH_90549    (0)    4 :  0.021 0.014 0.167 0.797 
341 BG_BH_90550    (0)    4 :  0.172 0.062 0.370 0.396 
342 BG_BH_90553    (0)    4 :  0.022 0.009 0.333 0.637 
343 BG_BH_90559    (0)    4 :  0.039 0.023 0.381 0.556 
344 BG_BH_90561    (0)    4 :  0.050 0.018 0.262 0.670 
345 BG_BH_90564    (0)    4 :  0.007 0.005 0.216 0.772 
346 BG_BH_90565    (3)    4 :  0.011 0.015 0.181 0.793 
347 BG_BH_90577    (0)    4 :  0.018 0.016 0.935 0.031 
348 BG_BH_90582    (0)    4 :  0.037 0.067 0.829 0.068 
349 BG_BH_90599    (0)    4 :  0.902 0.060 0.019 0.019 
350 BG_BH_90600    (0)    4 :  0.068 0.038 0.245 0.649 
351 BG_BH_90602    (0)    4 :  0.018 0.010 0.923 0.049 
352 BG_BH_90605    (0)    4 :  0.022 0.010 0.105 0.863 
353 BG_BH_90606    (0)    4 :  0.006 0.007 0.888 0.099 
354 BG_BH_90608    (0)    4 :  0.039 0.010 0.881 0.069 
355 BG_BH_90609    (0)    4 :  0.014 0.007 0.220 0.759 
356 BG_BH_90614    (0)    4 :  0.096 0.009 0.617 0.278 
357 BG_BH_90852    (0)    4 :  0.005 0.006 0.943 0.046 
358 BG_BH_90867    (0)    4 :  0.045 0.010 0.240 0.705 
359 BG_BH_90919    (0)    4 :  0.007 0.008 0.896 0.089 
360 D_BH_90923    (0)    5 :  0.013 0.006 0.269 0.712 
361 D_BH_91012    (0)    5 :  0.081 0.899 0.013 0.007 
362 D_BH_91039    (3)    5 :  0.608 0.048 0.122 0.222 
363 D_BH_91230    (0)    5 :  0.761 0.223 0.010 0.007 
364 D_BH_91240    (0)    5 :  0.883 0.100 0.009 0.008 
365 D_BH_91246    (0)    5 :  0.950 0.023 0.013 0.014 
366 D_BH_91257    (0)    5 :  0.237 0.167 0.185 0.412 
367 D_BH_91261    (0)    5 :  0.455 0.032 0.393 0.121 
368 D_BH_91273    (0)    5 :  0.004 0.003 0.079 0.914 
369 D_BH_93100    (0)    5 :  0.931 0.010 0.034 0.025 
370 D_BH_93141    (0)    5 :  0.297 0.196 0.088 0.419 
371 GB_BH_00750    (0)    6 :  0.907 0.082 0.005 0.006 
372 GB_BH_01877    (0)    6 :  0.025 0.950 0.013 0.012 
373 GB_BH_01880    (0)    6 :  0.029 0.020 0.423 0.528 
374 GB_BH_01881    (0)    6 :  0.015 0.011 0.118 0.855 
375 GB_BH_01882    (0)    6 :  0.022 0.012 0.113 0.853 
376 GB_BH_01883    (6)    6 :  0.006 0.009 0.940 0.045 
377 GB_BH_01884    (0)    6 :  0.005 0.006 0.107 0.882 
378 GB_BH_01885    (0)    6 :  0.034 0.023 0.277 0.666 
379 GB_BH_01886    (0)    6 :  0.014 0.009 0.332 0.645 
380 GB_BH_01887    (3)    6 :  0.009 0.010 0.953 0.028 
381 GB_BH_01888    (0)    6 :  0.010 0.014 0.906 0.070 
382 GB_BH_01889    (0)    6 :  0.051 0.035 0.276 0.639 
383 GB_BH_01890    (0)    6 :  0.829 0.063 0.061 0.047 
384 GB_BH_01891    (0)    6 :  0.341 0.092 0.527 0.040 
385 GB_BH_01892    (0)    6 :  0.007 0.006 0.120 0.868 
386 GB_BH_01893    (0)    6 :  0.015 0.006 0.317 0.661 
387 GB_BH_01894    (0)    6 :  0.032 0.011 0.248 0.709 
388 GB_BH_01895    (0)    6 :  0.052 0.934 0.007 0.007 
389 GB_BH_01897    (0)    6 :  0.010 0.010 0.931 0.050 
390 GB_BH_01898    (0)    6 :  0.039 0.014 0.511 0.437 
391 GB_BH_01899    (0)    6 :  0.007 0.005 0.139 0.848 
392 GB_BH_01900    (0)    6 :  0.015 0.009 0.271 0.705 
393 GB_BH_01901    (0)    6 :  0.006 0.005 0.063 0.926 
394 GB_BH_01902    (0)    6 :  0.024 0.020 0.336 0.620 
395 GB_BH_01904    (0)    6 :  0.252 0.230 0.135 0.383 
396 GB_BH_01908    (0)    6 :  0.017 0.024 0.860 0.099 
397 GB_BH_52037    (0)    6 :  0.033 0.012 0.201 0.754 
398 GB_BH_52038    (0)    6 :  0.022 0.013 0.145 0.820 
399 GB_BH_52039    (0)    6 :  0.013 0.012 0.306 0.668 
400 GB_BH_52040    (0)    6 :  0.006 0.004 0.165 0.825 
401 GB_BH_52041    (0)    6 :  0.006 0.006 0.099 0.889 
402 GB_BH_52042    (0)    6 :  0.408 0.024 0.302 0.267 
403 GB_BH_90027    (0)    6 :  0.011 0.009 0.602 0.378 
404 GB_BH_90448    (0)    6 :  0.005 0.008 0.933 0.054 
405 GB_BH_90450    (0)    6 :  0.013 0.008 0.095 0.885 
406 GB_BH_90452    (0)    6 :  0.050 0.032 0.380 0.537 
407 GB_BH_90456    (0)    6 :  0.038 0.033 0.870 0.059 
408 GB_BH_90457    (0)    6 :  0.014 0.006 0.385 0.595 
409 GB_BH_90538    (0)    6 :  0.019 0.018 0.322 0.641 
410 GB_BH_90567    (0)    6 :  0.030 0.057 0.852 0.062 
411 GB_BH_90618    (0)    6 :  0.031 0.014 0.914 0.041 
412 GB_BH_90619    (0)    6 :  0.414 0.051 0.274 0.262 
413 GB_BH_90624    (0)    6 :  0.187 0.053 0.347 0.414 
414 GB_BH_90638    (6)    6 :  0.780 0.042 0.061 0.118 
415 GB_BH_90642    (0)    6 :  0.033 0.021 0.311 0.634 
416 GB_BH_90646    (0)    6 :  0.013 0.010 0.378 0.599 
417 GB_BH_90667    (0)    6 :  0.028 0.058 0.830 0.084 
418 GB_BH_90687    (0)    6 :  0.859 0.053 0.062 0.026 
419 GB_BH_90695    (0)    6 :  0.014 0.019 0.867 0.099 
420 GB_BH_90733    (0)    6 :  0.179 0.181 0.383 0.257 
421 GB_BH_90737    (0)    6 :  0.126 0.100 0.184 0.590 
422 GB_BH_90740    (0)    6 :  0.505 0.144 0.263 0.088 
423 GB_BH_90742    (0)    6 :  0.046 0.118 0.736 0.100 
424 GB_BH_90745    (0)    6 :  0.018 0.010 0.663 0.308 
425 GB_BH_90746    (0)    6 :  0.061 0.025 0.258 0.656 
426 GB_BH_90747    (0)    6 :  0.120 0.126 0.682 0.073 
427 GB_BH_90752    (0)    6 :  0.309 0.092 0.276 0.322 
428 GB_BH_90754    (0)    6 :  0.132 0.062 0.302 0.504 
429 GB_BH_90756    (0)    6 :  0.587 0.396 0.009 0.008 
430 GB_BH_90757    (0)    6 :  0.009 0.008 0.926 0.057 
431 GB_BH_90764    (0)    6 :  0.006 0.004 0.121 0.869 
432 GB_BH_90768    (0)    6 :  0.172 0.227 0.488 0.113 
433 GB_BH_90770    (0)    6 :  0.400 0.141 0.272 0.187 
434 GB_BH_90778    (0)    6 :  0.063 0.035 0.450 0.453 
435 GB_BH_90784    (0)    6 :  0.021 0.012 0.289 0.678 
436 GB_BH_90787    (0)    6 :  0.070 0.030 0.457 0.443 
437 GB_BH_90789    (0)    6 :  0.033 0.088 0.839 0.039 
438 GB_BH_90790    (0)    6 :  0.026 0.018 0.855 0.101 
439 GB_BH_90795    (0)    6 :  0.004 0.003 0.127 0.866 
440 GB_BH_90796    (0)    6 :  0.046 0.179 0.461 0.314 
441 GB_BH_90801    (0)    6 :  0.014 0.008 0.311 0.668 
442 GB_BH_90802    (0)    6 :  0.027 0.011 0.427 0.534 
443 GB_BH_90803    (0)    6 :  0.011 0.008 0.156 0.824 
444 GB_BH_90807    (0)    6 :  0.005 0.006 0.108 0.881 
445 GB_BH_90808    (0)    6 :  0.030 0.065 0.828 0.077 
446 GB_BH_90809    (0)    6 :  0.005 0.004 0.136 0.855 
447 GB_BH_90810    (0)    6 :  0.009 0.005 0.113 0.872 
448 GB_BH_90811    (0)    6 :  0.096 0.009 0.647 0.249 
449 GB_BH_90812    (0)    6 :  0.033 0.154 0.793 0.021 
450 GB_BH_90813    (0)    6 :  0.655 0.121 0.185 0.040 
451 GB_BH_90836    (0)    6 :  0.005 0.005 0.088 0.902 
452 GB_BH_90848    (0)    6 :  0.008 0.005 0.212 0.775 
453 GB_BH_91237    (0)    6 :  0.529 0.216 0.136 0.119 
454 GB_BH_91244    (0)    6 :  0.006 0.007 0.711 0.276 
455 GB_BH_91349    (3)    6 :  0.045 0.026 0.619 0.310 
456 GB_BH_91400    (0)    6 :  0.058 0.180 0.631 0.132 
457 GB_BH_91405    (0)    6 :  0.012 0.006 0.461 0.521 
458 GB_BH_91431    (0)    6 :  0.006 0.009 0.937 0.048 
459 GB_BH_91432    (0)    6 :  0.020 0.012 0.412 0.556 
460 GB_BH_91439    (0)    6 :  0.023 0.014 0.359 0.604 
461 GB_BH_91447    (0)    6 :  0.012 0.008 0.955 0.025 
462 GB_BH_91523    (0)    6 :  0.013 0.009 0.869 0.109 
463 GB_BH_91527    (0)    6 :  0.149 0.094 0.696 0.060 
464 GB_BH_91529    (0)    6 :  0.033 0.079 0.783 0.106 
465 GB_BH_91530    (0)    6 :  0.007 0.004 0.173 0.817 
466 GB_BH_91531    (0)    6 :  0.022 0.014 0.143 0.820 
467 GB_BH_91532    (0)    6 :  0.007 0.007 0.958 0.027 
468 GB_BH_91533    (3)    6 :  0.048 0.028 0.371 0.553 
469 GB_BH_91535    (0)    6 :  0.012 0.015 0.847 0.126 
470 GB_BH_91536    (0)    6 :  0.014 0.009 0.941 0.037 
471 GB_BH_91537    (0)    6 :  0.005 0.005 0.103 0.887 
472 GB_BH_91538    (0)    6 :  0.013 0.009 0.360 0.618 
473 GB_BH_91539    (0)    6 :  0.510 0.051 0.102 0.338 
474 GB_BH_91541    (0)    6 :  0.008 0.007 0.246 0.740 
475 GB_BH_91542    (0)    6 :  0.019 0.050 0.849 0.081 
476 GB_BH_91543    (0)    6 :  0.022 0.024 0.451 0.503 
477 GB_BH_91544    (0)    6 :  0.347 0.576 0.050 0.028 
478 GB_BH_91591    (0)    6 :  0.075 0.029 0.113 0.782 
479 GB_BH_91598    (0)    6 :  0.005 0.004 0.085 0.906 
480 GB_BH_91602    (0)    6 :  0.145 0.041 0.162 0.652 
481 GB_BH_91604    (0)    6 :  0.075 0.023 0.486 0.417 
482 GB_BH_91611    (0)    6 :  0.019 0.017 0.930 0.034 
483 GB_BH_91623    (3)    6 :  0.093 0.043 0.317 0.547 
484 GB_BH_91624    (0)    6 :  0.007 0.005 0.139 0.849 
485 GB_BH_91630    (0)    6 :  0.005 0.004 0.080 0.911 
486 GB_BH_91631    (0)    6 :  0.075 0.025 0.431 0.470 
487 GB_BH_91632    (0)    6 :  0.012 0.010 0.231 0.747 
488 GB_BH_91635    (0)    6 :  0.008 0.005 0.458 0.529 
489 GB_BH_91650    (0)    6 :  0.069 0.020 0.196 0.715 
490 GB_BH_91657    (0)    6 :  0.165 0.073 0.732 0.030 
491 GB_BH_91658    (0)    6 :  0.085 0.185 0.660 0.071 
492 GB_BH_91676    (0)    6 :  0.004 0.002 0.126 0.867 
493 GB_BH_91677    (0)    6 :  0.015 0.011 0.890 0.085 
494 GB_BH_91683    (3)    6 :  0.043 0.019 0.348 0.589 
495 GB_BH_91686    (0)    6 :  0.007 0.006 0.956 0.031 
496 GB_BH_91691    (0)    6 :  0.025 0.031 0.890 0.054 
497 GB_BH_91695    (0)    6 :  0.013 0.009 0.217 0.760 
498 GB_BH_91696    (0)    6 :  0.026 0.017 0.080 0.877 
499 GB_BH_91697    (0)    6 :  0.040 0.023 0.265 0.671 
500 GB_BH_91699    (0)    6 :  0.051 0.015 0.169 0.765 
501 GB_BH_91702    (0)    6 :  0.017 0.026 0.912 0.045 
502 GB_BH_91705    (0)    6 :  0.237 0.048 0.393 0.321 
503 GB_BH_91720    (0)    6 :  0.053 0.012 0.176 0.759 
504 GB_BH_91722    (0)    6 :  0.308 0.055 0.543 0.095 
505 GB_BH_91724    (0)    6 :  0.566 0.248 0.135 0.051 
506 GB_BH_91737    (0)    6 :  0.008 0.017 0.900 0.075 
507 GB_BH_91752    (0)    6 :  0.011 0.012 0.086 0.890 
508 GB_BH_91756    (0)    6 :  0.039 0.039 0.114 0.808 
509 GB_BH_91765    (0)    6 :  0.008 0.004 0.697 0.291 
510 GB_BH_91765    (0)    6 :  0.009 0.003 0.680 0.307 
511 GB_BH_91768    (0)    6 :  0.029 0.016 0.193 0.762 
512 GB_BH_91772    (0)    6 :  0.021 0.010 0.218 0.751 
513 GB_BH_91774    (0)    6 :  0.019 0.014 0.150 0.817 
514 GB_BH_91778    (0)    6 :  0.020 0.014 0.338 0.628 
515 GB_BH_91782    (0)    6 :  0.018 0.006 0.566 0.411 
516 GB_BH_91786    (0)    6 :  0.013 0.021 0.937 0.029 
517 GB_BH_91789    (6)    6 :  0.095 0.063 0.139 0.703 
518 GB_BH_91789    (0)    6 :  0.070 0.034 0.144 0.753 
519 GJ_BH_01596    (0)    7 :  0.029 0.010 0.629 0.333 
520 GJ_BH_01598   (18)    7 :  0.175 0.146 0.329 0.350 
521 GJ_BH_50281    (0)    7 :  0.007 0.005 0.084 0.903 
522 GJ_BH_50282    (0)    7 :  0.023 0.010 0.278 0.689 
523 GJ_BH_50283    (0)    7 :  0.016 0.017 0.205 0.762 
524 GJ_BH_50284    (0)    7 :  0.007 0.005 0.121 0.867 
525 GJ_BH_50285    (0)    7 :  0.018 0.007 0.546 0.429 
526 GJ_BH_50286    (0)    7 :  0.040 0.032 0.138 0.789 
527 GJ_BH_50287    (0)    7 :  0.128 0.058 0.347 0.468 
528 GJ_BH_50468    (0)    7 :  0.310 0.208 0.124 0.358 
529 GJ_BH_50469    (0)    7 :  0.090 0.069 0.336 0.505 
530 GJ_BH_50470    (0)    7 :  0.008 0.006 0.360 0.626 
531 GJ_BH_50498    (0)    7 :  0.007 0.007 0.950 0.037 
532 GJ_BH_50527    (0)    7 :  0.012 0.011 0.919 0.058 
533 GJ_BH_50528    (0)    7 :  0.018 0.012 0.096 0.874 
534 GJ_BH_50529    (0)    7 :  0.024 0.045 0.885 0.046 
535 GJ_BH_50531    (3)    7 :  0.052 0.127 0.730 0.091 
536 GJ_BH_50532    (0)    7 :  0.017 0.014 0.089 0.880 
537 GJ_BH_51955    (0)    7 :  0.017 0.010 0.283 0.690 
538 GJ_BH_51956    (0)    7 :  0.071 0.017 0.420 0.492 
539 GJ_BH_51957    (0)    7 :  0.020 0.012 0.475 0.492 
540 GJ_BH_51958    (0)    7 :  0.296 0.031 0.360 0.312 
541 GJ_BH_51959    (0)    7 :  0.110 0.029 0.354 0.507 
542 GJ_BH_51960    (9)    7 :  0.058 0.028 0.424 0.490 
543 GJ_BH_90034    (0)    7 :  0.009 0.005 0.167 0.819 
544 GJ_BH_90254    (0)    7 :  0.353 0.125 0.454 0.069 
545 GJ_BH_90255    (0)    7 :  0.016 0.010 0.142 0.832 
546 GJ_BH_90265    (0)    7 :  0.037 0.021 0.640 0.302 
547 GJ_BH_90273    (0)    7 :  0.087 0.033 0.277 0.603 
548 GJ_BH_90292    (0)    7 :  0.005 0.004 0.151 0.840 
549 GJ_BH_90295    (0)    7 :  0.215 0.064 0.675 0.046 
550 GJ_BH_90299    (0)    7 :  0.034 0.017 0.297 0.652 
551 GJ_BH_90300    (0)    7 :  0.866 0.073 0.030 0.032 
552 KB_BH_01737    (0)    8 :  0.014 0.012 0.068 0.906 
553 KB_BH_01789    (0)    8 :  0.007 0.004 0.140 0.849 
554 KB_BH_01806    (0)    8 :  0.009 0.007 0.098 0.887 
555 KB_BH_01809    (3)    8 :  0.066 0.059 0.375 0.500 
556 KB_BH_01810    (0)    8 :  0.010 0.006 0.107 0.877 
557 KB_BH_01814    (0)    8 :  0.049 0.019 0.163 0.769 
558 KB_BH_01816    (0)    8 :  0.007 0.006 0.321 0.666 
559 KB_BH_01818    (0)    8 :  0.298 0.052 0.233 0.416 
560 KB_BH_01825    (6)    8 :  0.007 0.005 0.145 0.843 
561 KB_BH_01835    (6)    8 :  0.005 0.006 0.059 0.930 
562 KB_BH_01838    (0)    8 :  0.024 0.038 0.053 0.885 
563 KB_BH_01845    (6)    8 :  0.227 0.288 0.406 0.079 
564 KB_BH_01852    (0)    8 :  0.032 0.016 0.631 0.321 
565 KB_BH_01860    (0)    8 :  0.004 0.003 0.054 0.940 
566 KB_BH_01862    (0)    8 :  0.009 0.010 0.940 0.041 
567 KB_BH_01922    (3)    8 :  0.029 0.036 0.886 0.049 
568 KB_BH_91204    (0)    8 :  0.095 0.035 0.354 0.517 
569 KB_BH_91208    (0)    8 :  0.117 0.013 0.709 0.162 
570 KB_BH_91209    (0)    8 :  0.012 0.008 0.135 0.845 
571 KB_BH_91213    (0)    8 :  0.183 0.060 0.229 0.528 
572 KB_BH_91215    (0)    8 :  0.006 0.004 0.239 0.751 
573 KB_BH_91216    (0)    8 :  0.022 0.015 0.180 0.782 
574 KB_BH_91219    (0)    8 :  0.006 0.004 0.093 0.897 
575 KB_BH_91221    (0)    8 :  0.005 0.005 0.085 0.905 
576 KB_BH_91223    (0)    8 :  0.006 0.004 0.165 0.825 
577 KB_BH_91224    (3)    8 :  0.006 0.010 0.914 0.071 
578 KB_BH_91227    (0)    8 :  0.005 0.003 0.136 0.855 
579 KB_BH_91231    (0)    8 :  0.005 0.005 0.938 0.053 
580 KB_BH_91233    (0)    8 :  0.006 0.006 0.953 0.034 
581 KB_BH_91238    (0)    8 :  0.201 0.020 0.263 0.517 
582 KB_BH_91241    (0)    8 :  0.090 0.028 0.383 0.499 
583 KB_BH_91254    (0)    8 :  0.058 0.037 0.190 0.716 
584 KB_BH_91260    (0)    8 :  0.016 0.008 0.204 0.773 
585 KB_BH_91268    (0)    8 :  0.009 0.015 0.565 0.411 
586 KB_BH_91277    (0)    8 :  0.009 0.004 0.206 0.780 
587 KB_BH_91279    (0)    8 :  0.108 0.434 0.348 0.110 
588 KB_BH_91280    (0)    8 :  0.030 0.013 0.192 0.765 
589 KB_BH_91282    (0)    8 :  0.018 0.013 0.240 0.729 
590 KB_BH_91289    (0)    8 :  0.040 0.025 0.305 0.630 
591 KB_BH_91310    (0)    8 :  0.064 0.041 0.677 0.218 
592 KB_BH_91316    (0)    8 :  0.007 0.005 0.135 0.853 
593 KB_BH_91317    (0)    8 :  0.017 0.030 0.728 0.225 
594 KB_BH_91318    (0)    8 :  0.007 0.005 0.193 0.795 
595 KB_BH_91325    (0)    8 :  0.072 0.046 0.532 0.350 
596 KB_BH_91329    (0)    8 :  0.005 0.007 0.951 0.036 
597 KB_BH_91332    (0)    8 :  0.010 0.006 0.279 0.704 
598 KB_BH_91333    (0)    8 :  0.055 0.016 0.418 0.510 
599 KB_BH_91335    (0)    8 :  0.016 0.107 0.800 0.077 
600 KB_BH_91359    (0)    8 :  0.018 0.038 0.763 0.181 
601 KB_BH_91360    (0)    8 :  0.017 0.011 0.213 0.759 
602 KB_BH_91366    (0)    8 :  0.007 0.006 0.100 0.888 
603 KB_BH_91368    (0)    8 :  0.013 0.008 0.139 0.839 
604 KB_BH_91370    (0)    8 :  0.012 0.032 0.881 0.076 
605 KB_BH_91371    (0)    8 :  0.025 0.019 0.223 0.733 
606 KB_BH_91373    (0)    8 :  0.006 0.004 0.328 0.662 
607 KB_BH_91374    (0)    8 :  0.005 0.005 0.938 0.052 
608 KB_BH_91375    (0)    8 :  0.005 0.003 0.143 0.848 
609 KB_BH_91377    (0)    8 :  0.024 0.015 0.177 0.784 
610 KB_BH_91378    (0)    8 :  0.430 0.069 0.141 0.361 
611 KB_BH_91379    (0)    8 :  0.013 0.012 0.102 0.873 
612 KB_BH_91380    (0)    8 :  0.027 0.012 0.354 0.607 
613 KB_BH_91381    (0)    8 :  0.083 0.021 0.252 0.643 
614 KB_BH_91384    (0)    8 :  0.013 0.013 0.801 0.173 
615 SK_BH_00670    (0)    9 :  0.050 0.022 0.343 0.585 
616 SK_BH_00729    (0)    9 :  0.013 0.019 0.920 0.048 
617 SK_BH_00730    (0)    9 :  0.027 0.010 0.419 0.544 
618 SK_BH_00732    (0)    9 :  0.008 0.013 0.953 0.026 
619 SK_BH_01301    (0)    9 :  0.083 0.028 0.690 0.199 
620 SK_BH_01302    (0)    9 :  0.008 0.008 0.137 0.848 
621 SK_BH_01303    (0)    9 :  0.004 0.004 0.952 0.039 
622 SK_BH_01304    (0)    9 :  0.020 0.018 0.117 0.845 
623 SK_BH_01305    (0)    9 :  0.043 0.050 0.349 0.559 
624 SK_BH_01306    (0)    9 :  0.007 0.006 0.846 0.141 
625 SK_BH_01307    (0)    9 :  0.008 0.009 0.858 0.125 
626 SK_BH_01308    (0)    9 :  0.017 0.008 0.493 0.482 
627 SK_BH_01309    (0)    9 :  0.010 0.009 0.264 0.718 
628 SK_BH_01310    (0)    9 :  0.018 0.012 0.410 0.561 
629 SK_BH_01311    (0)    9 :  0.005 0.004 0.100 0.891 
630 SK_BH_01313    (0)    9 :  0.006 0.006 0.947 0.041 
631 SK_BH_01314    (0)    9 :  0.010 0.006 0.221 0.763 
632 SK_BH_01315    (0)    9 :  0.133 0.134 0.457 0.275 
633 SK_BH_01316    (3)    9 :  0.012 0.009 0.190 0.788 
634 SK_BH_01317    (0)    9 :  0.059 0.012 0.689 0.241 
635 SK_BH_01319    (0)    9 :  0.023 0.011 0.112 0.855 
636 SK_BH_01648    (0)    9 :  0.009 0.006 0.057 0.928 
637 SK_BH_01649    (0)    9 :  0.006 0.005 0.138 0.851 
638 SK_BH_02352    (0)    9 :  0.008 0.010 0.129 0.853 
639 SK_BH_02353    (0)    9 :  0.017 0.014 0.942 0.027 
640 SK_BH_02354    (0)    9 :  0.011 0.010 0.932 0.047 
641 SK_BH_02355    (0)    9 :  0.014 0.008 0.371 0.607 
642 SK_BH_02356    (0)    9 :  0.014 0.011 0.316 0.658 
643 SK_BH_02357    (0)    9 :  0.012 0.011 0.051 0.926 
644 SK_BH_02358    (0)    9 :  0.008 0.005 0.124 0.862 
645 SK_BH_02359    (0)    9 :  0.011 0.006 0.224 0.759 
646 SK_BH_02360    (0)    9 :  0.012 0.008 0.224 0.756 
647 SK_BH_02361    (0)    9 :  0.007 0.011 0.943 0.040 
648 SK_BH_02362    (0)    9 :  0.010 0.008 0.423 0.559 
649 SK_BH_02363    (0)    9 :  0.017 0.017 0.935 0.031 
650 SK_BH_02365    (0)    9 :  0.184 0.031 0.165 0.621 
651 SK_BH_02366    (0)    9 :  0.007 0.009 0.920 0.065 
652 SK_BH_02367    (0)    9 :  0.474 0.067 0.105 0.354 
653 SK_BH_02369    (0)    9 :  0.010 0.020 0.957 0.014 
654 SK_BH_02370    (0)    9 :  0.113 0.044 0.447 0.396 
655 SK_BH_02371    (0)    9 :  0.026 0.016 0.904 0.054 
656 SK_BH_02372    (0)    9 :  0.052 0.028 0.617 0.302 
657 SK_BH_02373    (0)    9 :  0.008 0.006 0.232 0.754 
658 SK_BH_02477    (0)    9 :  0.012 0.020 0.905 0.062 
659 SK_BH_02478    (0)    9 :  0.007 0.024 0.955 0.013 
660 SK_BH_02479    (0)    9 :  0.008 0.004 0.121 0.867 
661 SK_BH_02480    (0)    9 :  0.009 0.011 0.812 0.169 
662 SK_BH_02481    (0)    9 :  0.006 0.007 0.275 0.713 
663 SK_BH_02482    (0)    9 :  0.017 0.014 0.150 0.819 
664 SK_BH_02483    (0)    9 :  0.435 0.181 0.133 0.251 
665 SK_BH_02484    (0)    9 :  0.012 0.007 0.333 0.649 
666 SK_BH_02485    (0)    9 :  0.033 0.015 0.260 0.692 
667 SK_BH_02486    (0)    9 :  0.009 0.012 0.091 0.889 
668 SK_BH_02492    (0)    9 :  0.008 0.008 0.160 0.824 
669 SK_BH_02493    (0)    9 :  0.022 0.010 0.233 0.735 
670 SK_BH_02494    (0)    9 :  0.005 0.003 0.177 0.815 
671 SK_BH_02496    (0)    9 :  0.204 0.087 0.199 0.510 
672 SK_BH_02497    (0)    9 :  0.019 0.012 0.186 0.783 
673 SK_BH_50049    (0)    9 :  0.013 0.008 0.091 0.888 
674 SK_BH_50050    (0)    9 :  0.063 0.038 0.254 0.645 
675 SK_BH_50051    (0)    9 :  0.010 0.007 0.270 0.713 
676 SK_BH_50052    (0)    9 :  0.209 0.116 0.145 0.530 
677 SK_BH_50054    (0)    9 :  0.007 0.016 0.923 0.054 
678 SK_BH_50055    (0)    9 :  0.011 0.005 0.141 0.843 
679 SK_BH_50059    (0)    9 :  0.008 0.008 0.247 0.737 
680 SK_BH_50096    (0)    9 :  0.007 0.008 0.143 0.842 
681 SK_BH_50097    (0)    9 :  0.123 0.038 0.372 0.467 
682 SK_BH_50098    (0)    9 :  0.007 0.004 0.124 0.865 
683 SK_BH_50101    (0)    9 :  0.006 0.005 0.095 0.894 
684 SK_BH_50103    (0)    9 :  0.060 0.023 0.237 0.680 
685 SK_BH_50104    (0)    9 :  0.008 0.011 0.931 0.051 
686 SK_BH_50112    (0)    9 :  0.005 0.004 0.191 0.801 
687 SK_BH_50122    (0)    9 :  0.067 0.026 0.582 0.326 
688 SK_BH_50136    (0)    9 :  0.010 0.007 0.195 0.788 
689 SK_BH_50141    (0)    9 :  0.064 0.037 0.582 0.317 
690 SK_BH_50150    (0)    9 :  0.015 0.007 0.453 0.525 
691 SK_BH_50152    (0)    9 :  0.027 0.021 0.916 0.035 
692 SK_BH_90075    (0)    9 :  0.007 0.007 0.041 0.946 
693 SK_BH_90076    (0)    9 :  0.022 0.009 0.241 0.729 
694 SK_BH_90077    (0)    9 :  0.013 0.029 0.886 0.073 
695 SK_BH_90086    (0)    9 :  0.014 0.007 0.316 0.663 
696 SK_BH_90106    (0)    9 :  0.031 0.032 0.734 0.203 
697 SK_BH_90122    (0)    9 :  0.011 0.007 0.230 0.752 
698 SK_BH_90161    (0)    9 :  0.014 0.017 0.939 0.029 
699 SK_BH_90165    (3)    9 :  0.009 0.016 0.921 0.054 
700 SK_BH_90166    (0)    9 :  0.005 0.004 0.186 0.805 
701 SK_BH_90170    (0)    9 :  0.055 0.032 0.710 0.203 
702 SK_BH_90171    (0)    9 :  0.016 0.010 0.200 0.775 
703 SK_BH_90181    (0)    9 :  0.414 0.175 0.138 0.273 
704 SK_BH_90193    (0)    9 :  0.113 0.045 0.293 0.549 
705 SK_BH_90194    (0)    9 :  0.177 0.045 0.708 0.071 
706 SK_BH_90198    (0)    9 :  0.195 0.198 0.270 0.336 
707 SK_BH_90201    (0)    9 :  0.016 0.011 0.245 0.728 
708 SK_BH_90223    (0)    9 :  0.011 0.015 0.943 0.031 
709 SK_BH_90224    (0)    9 :  0.005 0.004 0.210 0.780 
710 SK_BH_90231    (0)    9 :  0.015 0.012 0.164 0.809 
711 SK_BH_90253    (0)    9 :  0.038 0.085 0.649 0.228 
712 SK_BH_90257    (0)    9 :  0.020 0.019 0.239 0.722 
713 SK_BH_90259    (0)    9 :  0.007 0.004 0.153 0.836 
714 SK_BH_90261    (0)    9 :  0.027 0.009 0.477 0.486 
715 SK_BH_90267    (0)    9 :  0.118 0.055 0.248 0.580 
716 SK_BH_90268    (0)    9 :  0.264 0.080 0.265 0.391 
717 SK_BH_90269    (0)    9 :  0.007 0.004 0.136 0.853 
718 SK_BH_90284    (0)    9 :  0.012 0.007 0.460 0.522 
719 SK_BH_90288    (0)    9 :  0.005 0.003 0.055 0.937 
720 SK_BH_90289    (0)    9 :  0.004 0.004 0.956 0.036 
721 SK_BH_90290    (0)    9 :  0.013 0.007 0.271 0.709 
722 SK_BH_90291    (0)    9 :  0.008 0.005 0.260 0.728 
723 SK_BH_90293    (0)    9 :  0.195 0.628 0.120 0.056 
724 SK_BH_90302    (0)    9 :  0.006 0.005 0.161 0.829 
725 SK_BH_90303    (0)    9 :  0.008 0.005 0.057 0.930 
726 SK_BH_90305    (0)    9 :  0.066 0.238 0.579 0.117 
727 SK_BH_90307    (0)    9 :  0.009 0.012 0.944 0.035 
728 SK_BH_90308    (0)    9 :  0.015 0.029 0.085 0.871 
729 SK_BH_90309    (0)    9 :  0.602 0.049 0.149 0.200 
730 SK_BH_90311    (0)    9 :  0.014 0.011 0.110 0.865 
731 SK_BH_90315    (0)    9 :  0.330 0.013 0.318 0.339 
732 SK_BH_90317    (0)    9 :  0.007 0.011 0.693 0.289 
733 SK_BH_90318    (0)    9 :  0.009 0.008 0.182 0.801 
734 SK_BH_90319    (0)    9 :  0.090 0.159 0.694 0.057 
735 SK_BH_90320    (0)    9 :  0.023 0.013 0.244 0.720 
736 SK_BH_90321    (0)    9 :  0.007 0.010 0.927 0.056 
737 SK_BH_90323    (0)    9 :  0.169 0.025 0.443 0.363 
738 SK_BH_90324    (3)    9 :  0.007 0.006 0.070 0.917 
739 SK_BH_90325    (0)    9 :  0.008 0.006 0.180 0.806 
740 SK_BH_90327    (0)    9 :  0.007 0.004 0.202 0.787 
741 SK_BH_90332    (0)    9 :  0.225 0.028 0.219 0.528 
742 SK_BH_90333    (3)    9 :  0.015 0.024 0.079 0.882 
743 SK_BH_90334    (0)    9 :  0.060 0.010 0.406 0.524 
744 SK_BH_90341    (3)    9 :  0.032 0.009 0.372 0.588 
745 SK_BH_90344    (3)    9 :  0.039 0.025 0.300 0.635 
746 SK_BH_90345    (0)    9 :  0.028 0.012 0.257 0.704 
747 SK_BH_90347    (0)    9 :  0.005 0.004 0.145 0.846 
748 SK_BH_90348    (0)    9 :  0.011 0.013 0.912 0.065 
749 SK_BH_90349    (0)    9 :  0.029 0.016 0.093 0.862 
750 SK_BH_90352    (3)    9 :  0.016 0.026 0.855 0.103 
751 SK_BH_90370    (0)    9 :  0.033 0.027 0.145 0.795 
752 SK_BH_90371    (0)    9 :  0.289 0.039 0.273 0.400 
753 SK_BH_90376    (0)    9 :  0.004 0.003 0.116 0.876 
754 SK_BH_90377    (0)    9 :  0.016 0.009 0.188 0.787 
755 SK_BH_90383    (0)    9 :  0.181 0.066 0.702 0.050 
756 SK_BH_90384    (0)    9 :  0.930 0.051 0.010 0.010 
757 SK_BH_90389    (0)    9 :  0.060 0.027 0.294 0.619 
758 SK_BH_90395    (0)    9 :  0.022 0.011 0.478 0.489 
759 SK_BH_90397    (0)    9 :  0.036 0.017 0.439 0.507 
760 SK_BH_90400    (0)    9 :  0.015 0.043 0.916 0.025 
761 SK_BH_90461    (0)    9 :  0.012 0.017 0.118 0.853 
762 SK_BH_90462    (0)    9 :  0.040 0.131 0.760 0.070 
763 SK_BH_90463    (0)    9 :  0.057 0.023 0.807 0.113 
764 SK_BH_90464    (0)    9 :  0.108 0.024 0.475 0.393 
765 SK_BH_90465    (0)    9 :  0.014 0.008 0.205 0.773 
766 SK_BH_90466    (0)    9 :  0.015 0.008 0.947 0.030 
767 SK_BH_90467    (0)    9 :  0.012 0.035 0.940 0.013 
768 SK_BH_90468    (0)    9 :  0.010 0.010 0.901 0.079 
769 SK_BH_90469    (0)    9 :  0.009 0.012 0.894 0.084 
770 SK_BH_90470    (0)    9 :  0.006 0.005 0.174 0.816 
771 SK_BH_90472    (3)    9 :  0.005 0.004 0.117 0.874 
772 SK_BH_90473    (0)    9 :  0.178 0.147 0.182 0.494 
773 SK_BH_90474    (0)    9 :  0.058 0.033 0.837 0.072 
774 SK_BH_90475    (6)    9 :  0.055 0.054 0.829 0.061 
775 SK_BH_90476    (0)    9 :  0.007 0.005 0.097 0.891 
776 SK_BH_90477    (0)    9 :  0.011 0.007 0.187 0.795 
777 SK_BH_90478    (0)    9 :  0.024 0.009 0.157 0.810 
778 SK_BH_90479    (0)    9 :  0.006 0.005 0.198 0.791 
779 SK_BH_90481    (0)    9 :  0.024 0.012 0.937 0.026 
780 SK_BH_90482    (0)    9 :  0.187 0.265 0.297 0.251 
781 SK_BH_90483    (0)    9 :  0.229 0.127 0.195 0.449 
782 SK_BH_90484    (3)    9 :  0.037 0.015 0.369 0.579 
783 SK_BH_90485    (0)    9 :  0.034 0.024 0.111 0.831 
784 SK_BH_90486    (0)    9 :  0.012 0.007 0.210 0.771 
785 SK_BH_90487    (0)    9 :  0.017 0.012 0.906 0.066 
786 SK_BH_90488    (0)    9 :  0.015 0.013 0.103 0.869 
787 SK_BH_90489    (0)    9 :  0.006 0.005 0.047 0.941 
788 SK_BH_90490    (0)    9 :  0.006 0.004 0.226 0.765 
789 SK_BH_90491    (0)    9 :  0.041 0.016 0.376 0.567 
790 SK_BH_90493    (0)    9 :  0.117 0.020 0.361 0.502 
791 SK_BH_90494    (0)    9 :  0.015 0.012 0.095 0.878 
792 SK_BH_90495    (0)    9 :  0.039 0.026 0.240 0.695 
793 SK_BH_90496    (0)    9 :  0.016 0.007 0.124 0.853 
794 SK_BH_90497    (0)    9 :  0.023 0.021 0.409 0.547 
795 SK_BH_90498    (0)    9 :  0.007 0.005 0.135 0.853 
796 SK_BH_90499    (0)    9 :  0.030 0.010 0.366 0.594 
797 SK_BH_90501    (0)    9 :  0.051 0.078 0.747 0.124 
798 SK_BH_90502    (0)    9 :  0.017 0.010 0.374 0.599 
799 SK_BH_90503    (0)    9 :  0.049 0.020 0.810 0.121 
800 SK_BH_90505    (0)    9 :  0.007 0.005 0.093 0.895 
801 SK_BH_90507    (0)    9 :  0.803 0.019 0.068 0.110 
802 SK_BH_90508    (0)    9 :  0.021 0.019 0.914 0.045 
803 SK_BH_90509    (0)    9 :  0.053 0.031 0.453 0.463 
804 SK_BH_90510    (0)    9 :  0.006 0.004 0.278 0.713 
805 SK_BH_90511    (0)    9 :  0.041 0.034 0.857 0.068 
806 SK_BH_90512    (3)    9 :  0.008 0.006 0.442 0.545 
807 SK_BH_90513    (0)    9 :  0.055 0.032 0.795 0.118 
808 SK_BH_90514    (0)    9 :  0.101 0.010 0.857 0.032 
809 SK_BH_90516    (0)    9 :  0.011 0.008 0.169 0.812 
810 SK_BH_90517    (0)    9 :  0.026 0.010 0.206 0.759 
811 SK_BH_90518    (0)    9 :  0.056 0.021 0.602 0.321 
812 SK_BH_90519    (0)    9 :  0.055 0.023 0.256 0.666 
813 SK_BH_90520    (0)    9 :  0.018 0.042 0.872 0.068 
814 SK_BH_90521    (0)    9 :  0.017 0.009 0.202 0.772 
815 SK_BH_90522    (0)    9 :  0.031 0.013 0.102 0.853 
816 SK_BH_90523    (0)    9 :  0.007 0.006 0.163 0.824 
817 SK_BH_90529    (0)    9 :  0.036 0.062 0.110 0.791 
818 SK_BH_90530    (0)    9 :  0.081 0.017 0.444 0.458 
819 SK_BH_90531    (0)    9 :  0.005 0.005 0.167 0.823 
820 SK_BH_90532    (0)    9 :  0.009 0.009 0.862 0.120 
821 SK_BH_90533    (0)    9 :  0.061 0.036 0.878 0.026 
822 SK_BH_90534    (0)    9 :  0.003 0.002 0.103 0.892 
823 SK_BH_90535    (0)    9 :  0.013 0.011 0.147 0.829 
824 SK_BH_90539    (0)    9 :  0.006 0.008 0.920 0.065 
825 SK_BH_90644    (0)    9 :  0.018 0.033 0.093 0.856 
826 SK_BH_90645    (0)    9 :  0.027 0.023 0.079 0.871 
827 SK_BH_90647    (0)    9 :  0.031 0.131 0.649 0.189 
828 SK_BH_90648    (0)    9 :  0.009 0.007 0.114 0.870 
829 SK_BH_90651    (0)    9 :  0.061 0.167 0.589 0.183 
830 SK_BH_90652    (0)    9 :  0.131 0.028 0.368 0.473 
831 SK_BH_90653    (0)    9 :  0.004 0.004 0.933 0.058 
832 SK_BH_90654    (0)    9 :  0.076 0.029 0.514 0.381 
833 SK_BH_90656    (0)    9 :  0.019 0.017 0.439 0.524 
834 SK_BH_90657    (0)    9 :  0.039 0.052 0.722 0.187 
835 SK_BH_90658    (0)    9 :  0.037 0.052 0.214 0.698 
836 SK_BH_90660    (0)    9 :  0.054 0.189 0.725 0.032 
837 SK_BH_90661    (0)    9 :  0.160 0.160 0.175 0.504 
838 SK_BH_90663    (0)    9 :  0.007 0.008 0.898 0.086 
839 SK_BH_90664    (0)    9 :  0.020 0.010 0.911 0.059 
840 SK_BH_90665    (0)    9 :  0.006 0.004 0.108 0.882 
841 SK_BH_90704    (0)    9 :  0.023 0.033 0.185 0.759 
842 SK_BH_90707    (3)    9 :  0.148 0.145 0.236 0.471 
843 SK_BH_90713    (0)    9 :  0.004 0.003 0.111 0.882 
844 SK_BH_90714    (3)    9 :  0.011 0.015 0.706 0.268 
845 SK_BH_90715    (0)    9 :  0.010 0.011 0.205 0.774 
846 SK_BH_90719    (0)    9 :  0.011 0.006 0.209 0.774 
847 SK_BH_90771    (0)    9 :  0.016 0.015 0.914 0.055 
848 SK_BH_90772    (0)    9 :  0.024 0.008 0.544 0.424 
849 SK_BH_90779    (0)    9 :  0.018 0.024 0.795 0.163 
850 SK_BH_90783    (0)    9 :  0.006 0.005 0.938 0.052 
851 SK_BH_90785    (0)    9 :  0.780 0.008 0.087 0.125 
852 SK_BH_90788    (0)    9 :  0.055 0.018 0.599 0.328 
853 SK_BH_90791    (0)    9 :  0.016 0.019 0.930 0.034 
854 SK_BH_90792    (0)    9 :  0.009 0.005 0.306 0.680 
855 SK_BH_90794    (3)    9 :  0.026 0.040 0.681 0.252 
856 SK_BH_90799    (0)    9 :  0.014 0.008 0.290 0.688 
857 SK_BH_90800    (0)    9 :  0.206 0.036 0.650 0.108 
858 SK_BH_90805    (0)    9 :  0.012 0.011 0.950 0.028 
859 SK_BH_90806    (0)    9 :  0.092 0.185 0.638 0.085 
860 KD_BH_01741    (0)   10 :  0.090 0.877 0.016 0.017 
861 KD_BH_01772    (6)   10 :  0.143 0.822 0.018 0.017 
862 KD_BH_01774    (0)   10 :  0.015 0.979 0.003 0.003 
863 KD_BH_01776    (0)   10 :  0.128 0.855 0.009 0.008 
864 KD_BH_01876    (0)   10 :  0.009 0.980 0.006 0.006 
865 KJ_BH_01588    (0)   11 :  0.022 0.029 0.069 0.881 
866 KJ_BH_90005    (0)   11 :  0.411 0.098 0.192 0.299 
867 KJ_BH_90007    (0)   11 :  0.934 0.042 0.011 0.012 
868 KJ_BH_90014    (0)   11 :  0.889 0.085 0.013 0.013 
869 KJ_BH_90021    (0)   11 :  0.013 0.008 0.273 0.706 
870 KJ_BH_90025    (0)   11 :  0.115 0.131 0.668 0.087 
871 KJ_BH_90051    (0)   11 :  0.010 0.026 0.949 0.015 
872 KW_BH_90837    (0)   12 :  0.434 0.533 0.014 0.019 
873 KW_BH_90932    (0)   12 :  0.039 0.949 0.007 0.005 
874 KW_BH_90962    (0)   12 :  0.016 0.963 0.013 0.007 
875 KW_BH_91006    (0)   12 :  0.024 0.945 0.018 0.013 
876 KW_BH_91018    (0)   12 :  0.124 0.798 0.046 0.031 
877 KW_BH_91020    (0)   12 :  0.272 0.567 0.109 0.052 
878 KW_BH_91044    (0)   12 :  0.011 0.980 0.004 0.004 
879 KW_BH_91078    (0)   12 :  0.022 0.964 0.007 0.007 
880 KW_BH_91079    (3)   12 :  0.013 0.972 0.009 0.006 
881 KW_BH_91104    (0)   12 :  0.085 0.887 0.015 0.013 
882 KW_BH_91163    (0)   12 :  0.030 0.937 0.019 0.013 
883 KW_BH_91185    (0)   12 :  0.424 0.546 0.019 0.011 
884 N_BH_90885    (0)   13 :  0.024 0.950 0.016 0.011 
885 N_BH_90891    (0)   13 :  0.384 0.432 0.139 0.045 
886 N_BH_90910    (0)   13 :  0.072 0.890 0.020 0.018 
887 N_BH_91049    (0)   13 :  0.053 0.907 0.023 0.017 
888 N_BH_91077    (0)   13 :  0.702 0.181 0.098 0.019 
889 N_BH_91100    (0)   13 :  0.344 0.583 0.032 0.041 
890 N_BH_91103    (3)   13 :  0.015 0.939 0.030 0.016 
891 N_BH_91117    (0)   13 :  0.022 0.791 0.134 0.054 
892 N_BH_91149    (0)   13 :  0.852 0.116 0.018 0.014 
893 N_BH_91328    (0)   13 :  0.012 0.974 0.008 0.006 
894 P_BH_00554    (0)   14 :  0.159 0.822 0.010 0.009 
895 P_BH_00555    (0)   14 :  0.791 0.156 0.024 0.028 
896 P_BH_00997    (3)   14 :  0.918 0.058 0.012 0.012 
897 P_BH_50922    (0)   14 :  0.475 0.504 0.011 0.010 
898 P_BH_50974    (0)   14 :  0.163 0.808 0.017 0.011 
899 P_BH_50975    (0)   14 :  0.024 0.938 0.021 0.017 
900 P_BH_50976    (0)   14 :  0.655 0.265 0.062 0.019 
901 P_BH_50978    (0)   14 :  0.183 0.802 0.007 0.007 
902 P_BH_50979    (0)   14 :  0.964 0.026 0.005 0.005 
903 P_BH_50980    (0)   14 :  0.015 0.972 0.008 0.006 
904 P_BH_50981    (0)   14 :  0.899 0.080 0.012 0.009 
905 P_BH_50982    (0)   14 :  0.222 0.765 0.007 0.006 
906 P_BH_50983    (0)   14 :  0.362 0.616 0.011 0.010 
907 P_BH_50984    (0)   14 :  0.490 0.474 0.016 0.020 
908 P_BH_50985    (0)   14 :  0.844 0.125 0.017 0.014 
909 P_BH_50993    (0)   14 :  0.418 0.573 0.005 0.005 
910 P_BH_50994    (0)   14 :  0.646 0.335 0.011 0.008 
911 P_BH_50995    (0)   14 :  0.081 0.879 0.022 0.019 
912 P_BH_50996    (0)   14 :  0.900 0.087 0.006 0.007 
913 P_BH_50997    (0)   14 :  0.513 0.464 0.011 0.011 
914 P_BH_50998    (0)   14 :  0.876 0.090 0.016 0.018 
915 P_BH_50999    (0)   14 :  0.918 0.038 0.028 0.016 
916 P_BH_51077    (0)   14 :  0.010 0.981 0.005 0.004 
917 P_BH_51078    (0)   14 :  0.064 0.910 0.013 0.013 
918 P_BH_51079    (0)   14 :  0.031 0.948 0.012 0.010 
919 P_BH_51080    (0)   14 :  0.571 0.414 0.009 0.006 
920 P_BH_51081    (0)   14 :  0.021 0.937 0.023 0.019 
921 P_BH_51082    (0)   14 :  0.029 0.952 0.009 0.009 
922 P_BH_51084    (0)   14 :  0.324 0.657 0.010 0.009 
923 P_BH_51085    (0)   14 :  0.039 0.932 0.016 0.014 
924 P_BH_51086    (0)   14 :  0.019 0.972 0.005 0.004 
925 P_BH_51944    (3)   14 :  0.476 0.513 0.006 0.006 
926 P_BH_90071    (0)   14 :  0.941 0.016 0.022 0.020 
927 P_BH_90072    (0)   14 :  0.005 0.006 0.967 0.022 
928 P_BH_90109    (0)   14 :  0.148 0.823 0.018 0.011 
929 P_BH_90114    (0)   14 :  0.198 0.768 0.021 0.013 
930 P_BH_90159    (0)   14 :  0.945 0.038 0.010 0.007 
931 P_BH_90174    (0)   14 :  0.055 0.698 0.189 0.058 
932 P_BH_90186    (0)   14 :  0.502 0.487 0.006 0.006 
933 P_BH_90189    (0)   14 :  0.054 0.918 0.012 0.016 
934 P_BH_90191    (0)   14 :  0.960 0.013 0.019 0.007 
935 P_BH_90195    (0)   14 :  0.941 0.036 0.015 0.009 
936 P_BH_90200    (0)   14 :  0.813 0.095 0.065 0.026 
937 P_BH_90204    (0)   14 :  0.083 0.903 0.007 0.008 
938 P_BH_90213    (0)   14 :  0.025 0.962 0.007 0.006 
939 P_BH_90225    (0)   14 :  0.048 0.935 0.008 0.009 
940 P_BH_90232    (0)   14 :  0.965 0.024 0.007 0.005 
941 P_BH_90237    (0)   14 :  0.902 0.084 0.008 0.006 
942 P_BH_90335    (0)   14 :  0.728 0.227 0.027 0.018 
943 P_BH_90338    (0)   14 :  0.177 0.806 0.009 0.008 
944 P_BH_90343    (0)   14 :  0.182 0.800 0.009 0.009 
945 P_BH_90346    (0)   14 :  0.579 0.401 0.011 0.009 
946 P_BH_90354    (0)   14 :  0.918 0.059 0.013 0.010 
947 P_BH_90355    (0)   14 :  0.016 0.974 0.005 0.005 
948 P_BH_90359    (0)   14 :  0.953 0.021 0.013 0.013 
949 P_BH_90365    (0)   14 :  0.371 0.582 0.021 0.026 
950 P_BH_90367    (0)   14 :  0.242 0.743 0.007 0.008 
951 P_BH_90368    (0)   14 :  0.025 0.961 0.008 0.007 
952 P_BH_90369    (0)   14 :  0.125 0.729 0.072 0.075 
953 P_BH_90379    (0)   14 :  0.008 0.985 0.004 0.004 
954 P_BH_90380    (0)   14 :  0.019 0.963 0.010 0.008 
955 P_BH_90385    (0)   14 :  0.954 0.020 0.016 0.011 
956 P_BH_90387    (0)   14 :  0.041 0.927 0.018 0.014 
957 P_BH_90390    (0)   14 :  0.928 0.064 0.004 0.004 
958 P_BH_90391    (0)   14 :  0.972 0.020 0.004 0.004 
959 P_BH_90399    (0)   14 :  0.013 0.975 0.007 0.005 
960 P_BH_90416    (0)   14 :  0.274 0.710 0.009 0.008 
961 P_BH_90426    (0)   14 :  0.008 0.985 0.004 0.004 
962 P_BH_90432    (0)   14 :  0.073 0.895 0.017 0.015 
963 P_BH_90480    (0)   14 :  0.088 0.885 0.015 0.013 
964 P_BH_90492    (0)   14 :  0.023 0.968 0.005 0.004 
965 P_BH_90504    (0)   14 :  0.422 0.562 0.009 0.006 
966 P_BH_90515    (0)   14 :  0.013 0.977 0.005 0.005 
967 P_BH_90524    (0)   14 :  0.011 0.980 0.005 0.004 
968 P_BH_90525    (0)   14 :  0.145 0.837 0.008 0.010 
969 P_BH_90527    (0)   14 :  0.959 0.029 0.006 0.006 
970 P_BH_90528    (0)   14 :  0.013 0.978 0.005 0.005 
971 P_BH_90581    (0)   14 :  0.079 0.910 0.006 0.006 
972 P_BH_90587    (0)   14 :  0.362 0.626 0.006 0.007 
973 P_BH_90601    (0)   14 :  0.078 0.903 0.011 0.008 
974 P_BH_90668    (0)   14 :  0.050 0.905 0.027 0.018 
975 P_BH_90728    (0)   14 :  0.013 0.977 0.005 0.005 
976 PR_BH_00355    (0)   15 :  0.011 0.982 0.004 0.003 
977 PR_BH_00424    (0)   15 :  0.153 0.803 0.023 0.021 
978 PR_BH_00445    (0)   15 :  0.960 0.031 0.005 0.004 
979 PR_BH_00561    (0)   15 :  0.349 0.641 0.006 0.005 
980 PR_BH_90006    (0)   15 :  0.052 0.935 0.006 0.006 
981 PR_BH_90008    (0)   15 :  0.367 0.620 0.006 0.007 
982 PR_BH_90010    (0)   15 :  0.639 0.350 0.005 0.005 
983 PR_BH_90013    (0)   15 :  0.011 0.983 0.003 0.003 
984 PR_BH_90022    (0)   15 :  0.888 0.092 0.010 0.011 
985 PR_BH_90023    (0)   15 :  0.028 0.963 0.004 0.004 
986 PR_BH_90024    (0)   15 :  0.121 0.866 0.006 0.007 
987 PR_BH_90026    (0)   15 :  0.061 0.926 0.007 0.007 
988 PR_BH_90029    (0)   15 :  0.102 0.882 0.007 0.009 
989 PR_BH_90030    (0)   15 :  0.031 0.958 0.005 0.006 
990 PR_BH_90031    (0)   15 :  0.718 0.273 0.004 0.005 
991 PR_BH_90036    (0)   15 :  0.073 0.915 0.006 0.005 
992 PR_BH_90038    (0)   15 :  0.195 0.789 0.008 0.007 
993 PR_BH_90039    (0)   15 :  0.618 0.373 0.004 0.005 
994 PR_BH_90041    (0)   15 :  0.108 0.855 0.020 0.017 
995 PR_BH_90042    (0)   15 :  0.012 0.978 0.006 0.005 
996 PR_BH_90045    (0)   15 :  0.247 0.742 0.006 0.005 
997 PR_BH_90047    (0)   15 :  0.062 0.917 0.012 0.010 
998 PR_BH_90048    (0)   15 :  0.158 0.822 0.011 0.009 
999 PR_BH_90054    (0)   15 :  0.049 0.942 0.005 0.004 
1000 PR_BH_90056    (0)   15 :  0.114 0.875 0.006 0.005 
1001 PR_BH_90057    (0)   15 :  0.245 0.743 0.006 0.006 
1002 PR_BH_90059    (0)   15 :  0.087 0.887 0.014 0.012 
1003 PR_BH_90060    (0)   15 :  0.076 0.908 0.008 0.008 
1004 PR_BH_90061    (0)   15 :  0.522 0.468 0.005 0.005 
1005 PR_BH_90062    (0)   15 :  0.063 0.908 0.016 0.013 
1006 PR_BH_90065    (0)   15 :  0.309 0.679 0.005 0.006 
1007 PR_BH_90067    (0)   15 :  0.802 0.182 0.008 0.008 
1008 PR_BH_90068    (0)   15 :  0.276 0.709 0.007 0.008 
1009 PR_BH_90069    (0)   15 :  0.440 0.528 0.017 0.014 
1010 PR_BH_90070    (0)   15 :  0.024 0.947 0.017 0.012 
1011 PR_BH_90087    (0)   15 :  0.034 0.945 0.008 0.012 
1012 PR_BH_90090    (0)   15 :  0.305 0.668 0.013 0.013 
1013   PR_P01    (6)   15 :  0.033 0.951 0.008 0.008 
1014   PR_P03    (0)   15 :  0.014 0.974 0.006 0.006 
1015   PR_P04    (0)   15 :  0.039 0.944 0.008 0.008 
1016   PR_P05    (0)   15 :  0.028 0.957 0.008 0.007 
1017   PR_P06    (0)   15 :  0.024 0.963 0.007 0.006 
1018   PR_P07    (0)   15 :  0.080 0.786 0.063 0.071 
1019   PR_P08    (0)   15 :  0.019 0.972 0.004 0.004 
1020   PR_P09    (3)   15 :  0.014 0.976 0.005 0.005 
1021   PR_P10    (0)   15 :  0.013 0.980 0.004 0.003 
1022   PR_P12    (9)   15 :  0.017 0.961 0.012 0.010 
1023   PR_P13    (3)   15 :  0.457 0.492 0.023 0.028 
1024   PR_P14    (6)   15 :  0.200 0.772 0.014 0.014 
1025   PR_P15    (6)   15 :  0.038 0.950 0.006 0.005 
1026   PR_P16    (3)   15 :  0.034 0.938 0.015 0.012 
1027   PR_P17    (6)   15 :  0.556 0.359 0.039 0.046 
1028   PR_P18    (3)   15 :  0.012 0.973 0.008 0.007 
1029   PR_P19    (9)   15 :  0.018 0.971 0.006 0.005 
1030 R_BH_91540    (0)   16 :  0.017 0.970 0.007 0.006 
1031 R_BH_91548    (0)   16 :  0.025 0.963 0.007 0.005 
1032 R_BH_91548    (0)   16 :  0.023 0.965 0.007 0.005 
1033 R_BH_91562    (0)   16 :  0.927 0.036 0.019 0.019 
1034 R_BH_92992    (0)   16 :  0.037 0.945 0.010 0.008 
1035 R_BH_92999    (0)   16 :  0.012 0.980 0.004 0.004 
1036 R_BH_93000    (0)   16 :  0.423 0.548 0.015 0.014 
1037 R_BH_93001    (0)   16 :  0.073 0.909 0.009 0.009 
1038 R_BH_93004    (0)   16 :  0.017 0.957 0.014 0.012 
1039 R_BH_93008    (0)   16 :  0.697 0.284 0.009 0.010 
1040 R_BH_93010    (0)   16 :  0.024 0.959 0.009 0.008 
1041 R_BH_93011    (0)   16 :  0.017 0.958 0.016 0.008 
1042 R_BH_93012    (0)   16 :  0.113 0.874 0.007 0.006 
1043 R_BH_93016    (0)   16 :  0.039 0.954 0.004 0.003 
1044 R_BH_93017    (0)   16 :  0.716 0.239 0.026 0.019 
1045 R_BH_93018    (0)   16 :  0.027 0.943 0.018 0.011 
1046 R_BH_93019    (0)   16 :  0.048 0.933 0.012 0.007 
1047 R_BH_93020    (0)   16 :  0.016 0.959 0.014 0.011 
1048 R_BH_93022    (0)   16 :  0.022 0.967 0.005 0.005 
1049 R_BH_93023    (0)   16 :  0.059 0.845 0.061 0.036 
1050 R_BH_93024    (0)   16 :  0.027 0.949 0.014 0.010 
1051 R_BH_93025    (0)   16 :  0.479 0.480 0.023 0.017 
1052 R_BH_93026    (0)   16 :  0.021 0.960 0.011 0.008 
1053 R_BH_93027    (0)   16 :  0.014 0.972 0.007 0.006 
1054 R_BH_93028    (0)   16 :  0.026 0.960 0.009 0.005 
1055 R_BH_93029    (0)   16 :  0.273 0.708 0.009 0.010 
1056 R_BH_93030    (0)   16 :  0.042 0.930 0.017 0.012 
1057 R_BH_93031    (0)   16 :  0.014 0.962 0.013 0.011 
1058 R_BH_93032    (3)   16 :  0.092 0.856 0.028 0.024 
1059 R_BH_93033    (0)   16 :  0.010 0.981 0.004 0.004 
1060 R_BH_93035    (0)   16 :  0.010 0.982 0.004 0.004 
1061 R_BH_93037    (0)   16 :  0.060 0.809 0.092 0.039 
1062 R_BH_93038    (0)   16 :  0.024 0.962 0.007 0.007 
1063 R_BH_93040    (0)   16 :  0.021 0.946 0.021 0.012 
1064 R_BH_93042    (0)   16 :  0.029 0.891 0.058 0.022 
1065 R_BH_93043    (0)   16 :  0.251 0.730 0.010 0.009 
1066 R_BH_93057    (0)   16 :  0.964 0.026 0.005 0.004 
1067 R_BH_93059    (0)   16 :  0.016 0.975 0.005 0.005 
1068 R_BH_93061    (0)   16 :  0.184 0.799 0.009 0.008 
1069 R_BH_93072    (0)   16 :  0.026 0.966 0.004 0.004 
1070 R_BH_93074    (0)   16 :  0.068 0.902 0.019 0.012 
1071 R_BH_93083    (0)   16 :  0.942 0.026 0.015 0.017 
1072 R_BH_93103    (0)   16 :  0.015 0.975 0.005 0.005 
1073 R_BH_93113    (0)   16 :  0.020 0.959 0.011 0.010 
1074 R_BH_93125    (0)   16 :  0.016 0.972 0.006 0.006 
1075 R_BH_93127    (0)   16 :  0.015 0.971 0.008 0.006 
1076 R_BH_93129    (0)   16 :  0.044 0.887 0.042 0.028 
1077   SA_R01    (0)   17 :  0.831 0.146 0.011 0.012 
1078   SA_R02    (0)   17 :  0.318 0.403 0.179 0.100 
1079   SA_R03    (0)   17 :  0.092 0.865 0.024 0.019 
1080   SA_R04    (0)   17 :  0.013 0.978 0.005 0.004 
1081   SA_R05    (0)   17 :  0.010 0.979 0.006 0.005 
1082   SA_R06    (0)   17 :  0.712 0.276 0.006 0.006 
1083   SA_R07    (0)   17 :  0.205 0.753 0.022 0.020 
1084   SA_R08    (0)   17 :  0.017 0.969 0.007 0.008 
1085   SA_R09    (0)   17 :  0.892 0.074 0.016 0.018 
1086   SA_R10    (0)   17 :  0.057 0.902 0.023 0.018 
1087   SA_R11    (0)   17 :  0.028 0.943 0.019 0.010 
1088   SA_R12    (0)   17 :  0.211 0.749 0.026 0.014 
1089   SA_R13    (0)   17 :  0.054 0.677 0.218 0.051 
1090   SA_R14    (0)   17 :  0.017 0.894 0.063 0.026 
1091   SA_R15    (0)   17 :  0.121 0.803 0.047 0.029 
1092   SA_R16    (0)   17 :  0.018 0.967 0.009 0.006 
1093   SA_R17    (0)   17 :  0.908 0.047 0.023 0.022 
1094   SA_R18    (0)   17 :  0.039 0.932 0.015 0.014 
1095   SA_R19    (0)   17 :  0.130 0.856 0.006 0.008 
1096   SA_R20    (0)   17 :  0.497 0.480 0.011 0.012 
1097   SA_R21    (3)   17 :  0.033 0.956 0.006 0.005 
1098   SA_R22    (0)   17 :  0.019 0.948 0.019 0.014 
1099   SA_R24    (0)   17 :  0.044 0.939 0.010 0.007 
1100   SA_R25    (0)   17 :  0.017 0.975 0.004 0.004 
1101   SA_R26    (0)   17 :  0.064 0.911 0.014 0.011 
1102   SA_R27    (0)   17 :  0.440 0.535 0.012 0.014 
1103   SA_R28    (0)   17 :  0.044 0.922 0.022 0.013 
1104   SA_R29    (0)   17 :  0.184 0.803 0.006 0.007 
1105   SA_R30    (0)   17 :  0.220 0.519 0.177 0.084 
1106   SA_R31    (0)   17 :  0.621 0.350 0.018 0.011 
1107   SA_R32    (0)   17 :  0.030 0.930 0.021 0.019 
1108   SA_R33    (0)   17 :  0.015 0.951 0.023 0.011 
1109   SA_R34    (0)   17 :  0.038 0.945 0.009 0.007 
1110   SA_R35    (0)   17 :  0.184 0.526 0.218 0.073 
1111 SB_BH_01713    (0)   18 :  0.015 0.022 0.804 0.160 
1112 SB_BH_01719   (15)   18 :  0.383 0.031 0.232 0.354 
1113 SB_BH_01731    (3)   18 :  0.165 0.065 0.248 0.522 
1114 SB_BH_01738    (0)   18 :  0.006 0.005 0.172 0.816 
1115 SB_BH_01802   (12)   18 :  0.060 0.015 0.236 0.689 
1116 SB_BH_01803    (9)   18 :  0.048 0.027 0.171 0.754 
1117 SB_BH_01811    (9)   18 :  0.076 0.141 0.686 0.098 
1118 SB_BH_01812    (0)   18 :  0.005 0.004 0.291 0.700 
1119 SB_BH_01813   (18)   18 :  0.010 0.006 0.267 0.717 
1120 SB_BH_01821    (9)   18 :  0.011 0.009 0.207 0.774 
1121 SB_BH_01824    (0)   18 :  0.008 0.008 0.067 0.918 
1122 SB_BH_01828    (0)   18 :  0.065 0.038 0.836 0.061 
1123 SB_BH_01833    (0)   18 :  0.096 0.073 0.294 0.537 
1124 SB_BH_01837    (0)   18 :  0.008 0.016 0.899 0.076 
1125 SB_BH_01839    (0)   18 :  0.024 0.026 0.919 0.031 
1126 SB_BH_01848    (3)   18 :  0.031 0.014 0.172 0.784 
1127 SB_BH_01851    (0)   18 :  0.027 0.018 0.225 0.730 
1128 SB_BH_01856    (0)   18 :  0.009 0.008 0.949 0.033 
1129 SB_BH_01858    (0)   18 :  0.141 0.138 0.590 0.131 
1130 SB_BH_01863    (0)   18 :  0.801 0.022 0.084 0.094 
1131 SB_BH_01867    (0)   18 :  0.012 0.011 0.206 0.771 
1132 SB_BH_01868    (0)   18 :  0.017 0.009 0.468 0.507 
1133 SB_BH_01869    (0)   18 :  0.006 0.005 0.224 0.765 
1134 SB_BH_01871    (0)   18 :  0.056 0.015 0.331 0.597 
1135 SB_BH_01872    (3)   18 :  0.049 0.331 0.370 0.250 
1136 SB_BH_01906    (6)   18 :  0.021 0.020 0.214 0.745 
1137 SB_BH_90865    (0)   18 :  0.017 0.013 0.166 0.803 
1138 SB_BH_90903    (0)   18 :  0.007 0.004 0.100 0.889 
1139 SB_BH_90920    (0)   18 :  0.014 0.020 0.194 0.771 
1140 SB_BH_90944    (0)   18 :  0.025 0.015 0.874 0.086 
1141 SB_BH_90948    (0)   18 :  0.007 0.010 0.800 0.183 
1142 SB_BH_90968    (0)   18 :  0.008 0.022 0.662 0.308 
1143 SB_BH_90974    (0)   18 :  0.009 0.005 0.247 0.738 
1144 SB_BH_91005    (0)   18 :  0.008 0.014 0.755 0.223 
1145 SB_BH_91033    (0)   18 :  0.028 0.006 0.398 0.568 
1146 SB_BH_91035    (0)   18 :  0.007 0.007 0.132 0.854 
1147 SB_BH_91036    (0)   18 :  0.041 0.081 0.651 0.227 
1148 SB_BH_91043    (0)   18 :  0.011 0.005 0.458 0.526 
1149 SB_BH_91066    (0)   18 :  0.028 0.016 0.921 0.034 
1150 S_BH_00654    (0)   19 :  0.045 0.047 0.799 0.109 
1151 S_BH_00655    (0)   19 :  0.024 0.023 0.433 0.519 
1152 S_BH_00656    (0)   19 :  0.718 0.012 0.104 0.166 
1153 S_BH_00657    (0)   19 :  0.014 0.005 0.689 0.293 
1154 S_BH_00658    (0)   19 :  0.047 0.039 0.861 0.053 
1155 S_BH_00659    (0)   19 :  0.009 0.009 0.955 0.027 
1156 S_BH_00660    (0)   19 :  0.007 0.005 0.281 0.707 
1157 S_BH_00661    (0)   19 :  0.005 0.004 0.174 0.817 
1158 S_BH_00663    (0)   19 :  0.049 0.020 0.879 0.052 
1159 S_BH_00664    (0)   19 :  0.022 0.020 0.297 0.661 
1160 S_BH_00665    (0)   19 :  0.017 0.016 0.196 0.771 
1161 S_BH_00666    (0)   19 :  0.017 0.015 0.308 0.659 
1162 S_BH_00668    (0)   19 :  0.038 0.012 0.266 0.684 
1163 S_BH_00669    (0)   19 :  0.010 0.007 0.083 0.900 
1164 S_BH_00675    (0)   19 :  0.494 0.064 0.188 0.254 
1165 S_BH_00733    (0)   19 :  0.012 0.005 0.154 0.829 
1166 S_BH_00735    (0)   19 :  0.007 0.006 0.126 0.861 
1167 S_BH_00748    (0)   19 :  0.024 0.025 0.433 0.518 
1168 S_BH_00749    (0)   19 :  0.007 0.005 0.104 0.884 
1169 S_BH_90050    (0)   19 :  0.007 0.006 0.891 0.096 
1170 S_BH_90064    (6)   19 :  0.007 0.009 0.934 0.050 
1171 S_BH_90066    (0)   19 :  0.014 0.008 0.411 0.567 
1172 S_BH_90073    (0)   19 :  0.020 0.011 0.186 0.783 
1173 S_BH_90074    (3)   19 :  0.010 0.005 0.198 0.787 
1174 S_BH_90078    (0)   19 :  0.019 0.007 0.567 0.407 
1175 S_BH_90080    (0)   19 :  0.014 0.016 0.129 0.840 
1176 S_BH_90081    (3)   19 :  0.017 0.014 0.163 0.807 
1177 S_BH_90083    (0)   19 :  0.011 0.008 0.306 0.675 
1178 S_BH_90085    (0)   19 :  0.007 0.005 0.137 0.851 
1179 S_BH_90088    (0)   19 :  0.012 0.010 0.329 0.649 
1180 S_BH_90089    (0)   19 :  0.004 0.003 0.126 0.867 
1181 S_BH_90091    (3)   19 :  0.008 0.021 0.955 0.016 
1182 S_BH_90092    (0)   19 :  0.012 0.041 0.888 0.059 
1183 S_BH_90094    (3)   19 :  0.008 0.008 0.937 0.047 
1184 S_BH_90096    (3)   19 :  0.048 0.013 0.554 0.386 
1185 S_BH_90099    (0)   19 :  0.007 0.009 0.109 0.875 
1186 S_BH_90101    (0)   19 :  0.012 0.009 0.234 0.745 
1187 S_BH_90103    (3)   19 :  0.026 0.021 0.045 0.908 
1188 S_BH_90104    (0)   19 :  0.005 0.004 0.237 0.754 
1189 S_BH_90105    (0)   19 :  0.010 0.008 0.372 0.610 
1190 S_BH_90107    (0)   19 :  0.006 0.005 0.082 0.907 
1191 S_BH_90110    (0)   19 :  0.097 0.048 0.347 0.508 
1192 S_BH_90111    (0)   19 :  0.028 0.011 0.303 0.658 
1193 S_BH_90112    (0)   19 :  0.017 0.018 0.870 0.095 
1194 S_BH_90113    (0)   19 :  0.012 0.012 0.817 0.158 
1195 S_BH_90116    (3)   19 :  0.060 0.040 0.167 0.733 
1196 S_BH_90121    (0)   19 :  0.020 0.019 0.809 0.153 
1197 S_BH_90123   (12)   19 :  0.072 0.042 0.278 0.608 
1198 S_BH_90125    (0)   19 :  0.005 0.004 0.116 0.875 
1199 S_BH_90126    (0)   19 :  0.038 0.044 0.847 0.071 
1200 S_BH_90128    (0)   19 :  0.008 0.006 0.248 0.738 
1201 S_BH_90129    (0)   19 :  0.015 0.013 0.790 0.181 
1202 S_BH_90131    (0)   19 :  0.423 0.050 0.244 0.283 
1203 S_BH_90135    (0)   19 :  0.005 0.003 0.215 0.776 
1204 S_BH_90136    (0)   19 :  0.021 0.007 0.335 0.636 
1205 S_BH_90138    (0)   19 :  0.106 0.025 0.342 0.527 
1206 S_BH_90139    (0)   19 :  0.008 0.015 0.929 0.049 
1207 S_BH_90140    (0)   19 :  0.004 0.002 0.148 0.846 
1208 S_BH_90141    (0)   19 :  0.284 0.089 0.211 0.415 
1209 S_BH_90142    (0)   19 :  0.007 0.005 0.100 0.887 
1210 S_BH_90143    (0)   19 :  0.040 0.010 0.750 0.200 
1211 S_BH_90144   (12)   19 :  0.016 0.014 0.118 0.853 
1212 S_BH_90145    (0)   19 :  0.003 0.002 0.159 0.835 
1213 S_BH_90146    (0)   19 :  0.049 0.024 0.342 0.585 
1214 S_BH_90147    (0)   19 :  0.010 0.009 0.296 0.684 
1215 S_BH_90148    (0)   19 :  0.031 0.018 0.673 0.278 
1216 S_BH_90151    (0)   19 :  0.076 0.010 0.831 0.082 
1217 S_BH_90152    (0)   19 :  0.006 0.004 0.933 0.057 
1218 S_BH_90153    (0)   19 :  0.008 0.004 0.114 0.874 
1219 S_BH_90154    (0)   19 :  0.007 0.005 0.298 0.690 
1220 S_BH_90155    (0)   19 :  0.004 0.004 0.956 0.036 
1221 S_BH_90156    (0)   19 :  0.052 0.025 0.300 0.623 
1222 S_BH_90157    (0)   19 :  0.021 0.015 0.213 0.752 
1223 S_BH_90158    (0)   19 :  0.163 0.042 0.335 0.460 
1224 S_BH_90160    (0)   19 :  0.007 0.004 0.211 0.778 
1225 S_BH_90169    (0)   19 :  0.760 0.103 0.069 0.068 
1226 S_BH_90175    (0)   19 :  0.040 0.036 0.356 0.568 
1227 S_BH_90178    (0)   19 :  0.021 0.033 0.679 0.266 
1228 S_BH_90179    (0)   19 :  0.025 0.015 0.433 0.527 
1229 S_BH_90185    (0)   19 :  0.017 0.009 0.546 0.428 
1230 S_BH_90196    (0)   19 :  0.010 0.007 0.264 0.719 
1231 S_BH_90197    (0)   19 :  0.012 0.014 0.940 0.034 
1232 S_BH_90210    (0)   19 :  0.015 0.013 0.948 0.025 
1233 S_BH_90217    (0)   19 :  0.016 0.008 0.424 0.552 
1234 S_BH_90218    (0)   19 :  0.016 0.009 0.240 0.736 
1235 S_BH_90233    (0)   19 :  0.029 0.027 0.483 0.460 
1236 S_BH_90243    (0)   19 :  0.007 0.006 0.042 0.946 
1237 S_BH_90251    (0)   19 :  0.084 0.037 0.555 0.324 
1238 S_BH_90260    (0)   19 :  0.006 0.003 0.237 0.754 
1239 S_BH_90262    (0)   19 :  0.006 0.004 0.192 0.798 
1240 S_BH_90271    (0)   19 :  0.041 0.027 0.761 0.171 
1241 S_BH_90272    (0)   19 :  0.005 0.003 0.091 0.902 
1242 S_BH_90279    (0)   19 :  0.758 0.216 0.016 0.010 
1243 S_BH_90281    (3)   19 :  0.008 0.006 0.952 0.034 
1244 S_BH_90297    (0)   19 :  0.025 0.012 0.074 0.890 
1245 S_BH_90298    (0)   19 :  0.007 0.015 0.955 0.023 
1246 SE_BH_90546    (0)   20 :  0.929 0.056 0.008 0.007 
1247 SE_BH_90826    (0)   20 :  0.362 0.605 0.017 0.016 
1248 SE_BH_90902    (0)   20 :  0.888 0.035 0.029 0.048 
1249 SE_BH_90907    (0)   20 :  0.916 0.048 0.023 0.014 
1250 SE_BH_90911    (0)   20 :  0.181 0.624 0.103 0.092 
1251 SE_BH_90913    (0)   20 :  0.346 0.443 0.170 0.041 
1252 SE_BH_90916    (0)   20 :  0.019 0.014 0.299 0.669 
1253 SE_BH_90917    (0)   20 :  0.919 0.066 0.009 0.007 
1254 SE_BH_90921    (0)   20 :  0.851 0.117 0.014 0.018 
1255 SE_BH_90922    (0)   20 :  0.947 0.036 0.009 0.008 
1256 SE_BH_90924    (0)   20 :  0.637 0.244 0.076 0.043 
1257 SE_BH_90925    (0)   20 :  0.612 0.167 0.076 0.145 
1258 SE_BH_90926    (0)   20 :  0.951 0.037 0.006 0.006 
1259 SE_BH_90927    (0)   20 :  0.670 0.286 0.029 0.015 
1260 SE_BH_90928    (0)   20 :  0.766 0.206 0.015 0.014 
1261 SE_BH_90929    (0)   20 :  0.969 0.015 0.009 0.008 
1262 SE_BH_90933    (0)   20 :  0.009 0.005 0.182 0.805 
1263 SE_BH_90936    (0)   20 :  0.568 0.016 0.091 0.324 
1264 SE_BH_90939    (0)   20 :  0.173 0.810 0.010 0.007 
1265 SE_BH_90945    (0)   20 :  0.012 0.006 0.131 0.852 
1266 SE_BH_90946    (0)   20 :  0.122 0.009 0.658 0.212 
1267 SE_BH_90949    (0)   20 :  0.967 0.012 0.010 0.011 
1268 SE_BH_90953    (3)   20 :  0.782 0.110 0.043 0.066 
1269 SE_BH_90955    (0)   20 :  0.640 0.039 0.122 0.200 
1270 SE_BH_90956    (0)   20 :  0.492 0.262 0.077 0.170 
1271 SE_BH_90956    (0)   20 :  0.916 0.040 0.020 0.024 
1272 SE_BH_90957    (0)   20 :  0.816 0.170 0.009 0.005 
1273 SE_BH_90959    (0)   20 :  0.936 0.045 0.008 0.011 
1274 SE_BH_90960    (0)   20 :  0.814 0.150 0.023 0.013 
1275 SE_BH_90966    (0)   20 :  0.943 0.038 0.010 0.009 
1276 SE_BH_90967    (0)   20 :  0.935 0.013 0.028 0.023 
1277 SE_BH_90970    (0)   20 :  0.813 0.177 0.005 0.005 
1278 SE_BH_90971    (0)   20 :  0.947 0.007 0.023 0.023 
1279 SE_BH_90972    (0)   20 :  0.321 0.289 0.230 0.160 
1280 SE_BH_90973    (0)   20 :  0.969 0.018 0.007 0.007 
1281 SE_BH_90975    (0)   20 :  0.142 0.014 0.231 0.614 
1282 SE_BH_90977    (0)   20 :  0.823 0.161 0.008 0.008 
1283 SE_BH_90978    (0)   20 :  0.856 0.064 0.033 0.046 
1284 SE_BH_90979    (0)   20 :  0.956 0.027 0.008 0.009 
1285 SE_BH_90981   (15)   20 :  0.791 0.160 0.035 0.013 
1286 SE_BH_90983    (0)   20 :  0.965 0.009 0.013 0.014 
1287 SE_BH_90985    (0)   20 :  0.948 0.032 0.010 0.010 
1288 SE_BH_90986    (0)   20 :  0.346 0.072 0.166 0.416 
1289 SE_BH_90989    (0)   20 :  0.442 0.055 0.180 0.323 
1290 SE_BH_90991    (0)   20 :  0.665 0.106 0.091 0.139 
1291 SE_BH_90995    (0)   20 :  0.968 0.020 0.006 0.006 
1292 SE_BH_90998    (0)   20 :  0.964 0.015 0.010 0.011 
1293 SE_BH_91002    (0)   20 :  0.961 0.028 0.006 0.006 
1294 SE_BH_91011    (0)   20 :  0.913 0.022 0.031 0.034 
1295 SE_BH_91016    (0)   20 :  0.954 0.014 0.015 0.018 
1296 SE_BH_91019    (0)   20 :  0.061 0.016 0.401 0.522 
1297 SE_BH_91024    (0)   20 :  0.947 0.017 0.017 0.019 
1298 SE_BH_91026    (0)   20 :  0.925 0.058 0.009 0.009 
1299 SE_BH_91027    (0)   20 :  0.775 0.043 0.091 0.091 
1300 SE_BH_91028    (0)   20 :  0.918 0.063 0.009 0.011 
1301 SE_BH_91029    (0)   20 :  0.964 0.022 0.008 0.006 
1302 SE_BH_91030    (0)   20 :  0.097 0.891 0.007 0.006 
1303 SE_BH_91048    (0)   20 :  0.515 0.060 0.142 0.283 
1304 SE_BH_91054    (0)   20 :  0.769 0.017 0.113 0.101 
1305 SE_BH_91055    (0)   20 :  0.011 0.027 0.929 0.033 
1306 SE_BH_91056    (0)   20 :  0.955 0.013 0.014 0.017 
1307 SE_BH_91057    (0)   20 :  0.017 0.009 0.342 0.631 
1308 SE_BH_91058    (0)   20 :  0.608 0.143 0.124 0.125 
1309 SE_BH_91059    (0)   20 :  0.914 0.073 0.008 0.005 
1310 SE_BH_91064    (0)   20 :  0.905 0.017 0.037 0.042 
1311 SE_BH_91065    (0)   20 :  0.958 0.010 0.017 0.015 
1312 SE_BH_91067    (0)   20 :  0.941 0.030 0.014 0.015 
1313 SE_BH_91072    (0)   20 :  0.020 0.013 0.109 0.858 
1314 SE_BH_91075    (0)   20 :  0.920 0.044 0.015 0.020 
1315 SE_BH_91080    (0)   20 :  0.014 0.483 0.301 0.202 
1316 SE_BH_91087    (0)   20 :  0.877 0.073 0.020 0.030 
1317 SE_BH_91099    (0)   20 :  0.734 0.029 0.086 0.151 
1318 SE_BH_91130    (0)   20 :  0.980 0.009 0.006 0.005 
1319 SE_BH_91131    (0)   20 :  0.952 0.012 0.017 0.019 
1320 SE_BH_91132    (0)   20 :  0.910 0.079 0.005 0.005 
1321 SE_BH_91133    (0)   20 :  0.914 0.013 0.035 0.038 
1322 SE_BH_91139    (0)   20 :  0.009 0.018 0.819 0.154 
1323 SE_BH_91140    (9)   20 :  0.671 0.309 0.012 0.007 
1324 SE_BH_91156    (0)   20 :  0.930 0.047 0.010 0.014 
1325 SE_BH_91168    (0)   20 :  0.005 0.005 0.066 0.925 
1326 SE_BH_91171    (0)   20 :  0.012 0.008 0.273 0.706 
1327 SE_BH_91177    (0)   20 :  0.597 0.379 0.010 0.013 
1328 SE_BH_91179    (0)   20 :  0.851 0.136 0.008 0.005 
1329 SE_BH_91180    (0)   20 :  0.919 0.010 0.034 0.037 
1330 SE_BH_91181    (0)   20 :  0.948 0.018 0.015 0.018 
1331 SE_BH_91186    (0)   20 :  0.438 0.037 0.173 0.352 
1332 SE_BH_91189    (0)   20 :  0.763 0.133 0.066 0.039 
1333 SE_BH_91190    (0)   20 :  0.887 0.060 0.022 0.030 
1334 SE_BH_91191    (0)   20 :  0.903 0.086 0.006 0.005 
1335 SE_BH_91192    (0)   20 :  0.013 0.007 0.156 0.824 
1336 SE_BH_91194    (0)   20 :  0.946 0.029 0.012 0.012 
1337 SE_BH_91196    (0)   20 :  0.119 0.117 0.252 0.512 
1338 SE_BH_91198    (0)   20 :  0.898 0.092 0.005 0.005 
1339 SE_BH_91199    (0)   20 :  0.968 0.015 0.009 0.009 
1340 SE_BH_91201   (12)   20 :  0.946 0.026 0.013 0.015 
1341 SE_BH_91202    (0)   20 :  0.108 0.880 0.006 0.006 
1342 SE_BH_91203    (6)   20 :  0.379 0.117 0.156 0.348 
1343 SE_BH_91211    (0)   20 :  0.320 0.132 0.200 0.347 
1344 SE_BH_91214    (0)   20 :  0.844 0.113 0.022 0.021 
1345 SE_BH_91226    (0)   20 :  0.967 0.022 0.005 0.006 
1346 SE_BH_91232    (0)   20 :  0.947 0.016 0.016 0.020 
1347 SE_BH_91253    (0)   20 :  0.219 0.417 0.127 0.237 
1348 SE_BH_91278    (0)   20 :  0.007 0.005 0.070 0.917 
1349 SE_BH_91288    (0)   20 :  0.602 0.045 0.173 0.181 
1350 SE_BH_91312    (0)   20 :  0.932 0.010 0.029 0.030 
1351 SE_BH_91397    (6)   20 :  0.848 0.017 0.064 0.070 
1352 SE_BH_91446    (3)   20 :  0.954 0.021 0.012 0.013 
1353 SE_BH_91448    (0)   20 :  0.962 0.019 0.009 0.010 
1354 SE_BH_91534    (0)   20 :  0.945 0.027 0.012 0.016 
1355 SE_BH_91547    (0)   20 :  0.506 0.407 0.057 0.030 
1356 SE_BH_91552    (0)   20 :  0.722 0.254 0.015 0.009 
1357 SE_BH_91557    (0)   20 :  0.860 0.125 0.008 0.008 
1358 SE_BH_91560    (0)   20 :  0.955 0.030 0.007 0.008 
1359 SE_BH_91568    (0)   20 :  0.561 0.428 0.006 0.005 
1360 SE_BH_91570    (0)   20 :  0.183 0.805 0.006 0.006 
1361 SE_BH_91572    (0)   20 :  0.977 0.014 0.004 0.004 
1362 SE_BH_91577    (0)   20 :  0.676 0.030 0.115 0.179 
1363 SE_BH_91579    (0)   20 :  0.481 0.474 0.030 0.015 
1364 SE_BH_91580    (0)   20 :  0.068 0.037 0.175 0.721 
1365 SE_BH_91582    (0)   20 :  0.888 0.011 0.043 0.058 
1366 SE_BH_91584    (0)   20 :  0.582 0.078 0.116 0.223 
1367 SE_BH_91587    (0)   20 :  0.944 0.026 0.016 0.014 
1368 SE_BH_91589    (0)   20 :  0.897 0.054 0.029 0.020 
1369 SE_BH_92991    (0)   20 :  0.978 0.012 0.005 0.005 
1370 SE_BH_92993    (0)   20 :  0.931 0.011 0.040 0.018 
1371 SE_BH_92994    (0)   20 :  0.957 0.015 0.015 0.014 
1372 SE_BH_92995    (0)   20 :  0.943 0.020 0.016 0.021 
1373 SE_BH_92996    (0)   20 :  0.933 0.056 0.007 0.004 
1374 SE_BH_92998    (0)   20 :  0.660 0.222 0.084 0.034 
1375 SE_BH_93002    (0)   20 :  0.360 0.458 0.121 0.061 
1376 SE_BH_93003    (0)   20 :  0.025 0.955 0.010 0.009 
1377 SE_BH_93005    (3)   20 :  0.080 0.082 0.691 0.147 
1378 SE_BH_93006    (0)   20 :  0.959 0.024 0.009 0.008 
1379 SE_BH_93015    (0)   20 :  0.830 0.161 0.005 0.005 
1380 SE_BH_93034    (0)   20 :  0.930 0.020 0.023 0.026 
1381 SE_BH_93056    (0)   20 :  0.958 0.014 0.014 0.015 
1382 SE_BH_93088    (0)   20 :  0.923 0.025 0.026 0.027 
1383 SE_BH_93107    (0)   20 :  0.079 0.714 0.172 0.034 
1384 SE_BH_93111   (12)   20 :  0.531 0.442 0.016 0.011 
1385 SE_BH_93121    (0)   20 :  0.814 0.016 0.064 0.106 
1386 SE_BH_93134    (0)   20 :  0.007 0.006 0.086 0.901 
1387 SE_BH_93135    (0)   20 :  0.308 0.066 0.189 0.437 
1388 SE_BH_93143    (0)   20 :  0.952 0.035 0.006 0.007 
1389 SE_BH_93144    (0)   20 :  0.860 0.007 0.055 0.078 
1390 SE_BH_93149    (0)   20 :  0.900 0.066 0.015 0.018 
1391 SE_BH_93152    (0)   20 :  0.882 0.106 0.007 0.006 
1392 SE_BH_93156    (0)   20 :  0.930 0.051 0.010 0.009 
1393 SE_BH_93157    (0)   20 :  0.971 0.016 0.007 0.006 
1394 SE_BH_93158    (0)   20 :  0.376 0.297 0.201 0.125 
1395 SE_BH_93159    (0)   20 :  0.027 0.030 0.802 0.141 
1396 SE_BH_93160    (0)   20 :  0.892 0.091 0.010 0.007 
1397 SE_BH_93162    (0)   20 :  0.921 0.018 0.027 0.035 
1398 SE_BH_93163    (0)   20 :  0.943 0.040 0.009 0.009 
1399 SE_BH_93164    (0)   20 :  0.393 0.064 0.211 0.331 
1400 SE_BH_93165    (0)   20 :  0.952 0.008 0.022 0.019 
1401 SE_BH_93166    (0)   20 :  0.961 0.023 0.007 0.009 
1402 SE_BH_93167    (0)   20 :  0.259 0.336 0.242 0.162 
1403 SE_BH_93168    (0)   20 :  0.943 0.040 0.008 0.009 
1404 SE_BH_93170    (0)   20 :  0.017 0.018 0.087 0.877 
1405 SE_BH_93171    (0)   20 :  0.575 0.356 0.037 0.032 
1406 SE_BH_93172    (0)   20 :  0.950 0.037 0.006 0.007 
1407 SE_BH_93173    (0)   20 :  0.196 0.141 0.196 0.467 
1408 SE_BH_93174    (0)   20 :  0.507 0.069 0.200 0.225 
1409 SE_BH_93175    (0)   20 :  0.719 0.044 0.081 0.156 
1410 SE_BH_93176    (0)   20 :  0.919 0.036 0.019 0.026 
1411 SE_BH_93177    (0)   20 :  0.014 0.011 0.194 0.781 
1412 SE_BH_93179    (0)   20 :  0.923 0.022 0.026 0.028 
1413 SE_BH_93180    (0)   20 :  0.642 0.351 0.004 0.003 
1414 SE_BH_93181    (0)   20 :  0.860 0.123 0.009 0.008 
1415 SE_BH_93182    (0)   20 :  0.525 0.018 0.133 0.324 
1416 SE_BH_93183    (0)   20 :  0.804 0.186 0.006 0.005 
1417 SE_BH_93184    (0)   20 :  0.843 0.015 0.051 0.091 
1418 SE_BH_93185    (0)   20 :  0.539 0.049 0.142 0.270 
1419 SE_BH_93186    (0)   20 :  0.950 0.014 0.023 0.013 
1420 SE_BH_93187    (0)   20 :  0.132 0.042 0.216 0.610 
1421 SE_BH_93188    (0)   20 :  0.957 0.017 0.016 0.010 
1422 SE_BH_93190    (0)   20 :  0.877 0.018 0.060 0.044 
1423 SE_BH_93191    (0)   20 :  0.957 0.011 0.018 0.014 
1424 SE_BH_93193    (0)   20 :  0.548 0.021 0.220 0.212 
1425 SE_BH_93195    (0)   20 :  0.341 0.144 0.414 0.101 
1426 SE_BH_93196    (0)   20 :  0.929 0.013 0.026 0.032 
1427 WB_BH_00042    (0)   21 :  0.645 0.145 0.138 0.071 
1428 WB_BH_00114    (0)   21 :  0.005 0.007 0.085 0.902 
1429 WB_BH_00185    (0)   21 :  0.005 0.003 0.261 0.732 
1430 WB_BH_00186    (0)   21 :  0.038 0.017 0.154 0.791 
1431 WB_BH_00353    (0)   21 :  0.948 0.032 0.009 0.011 
1432 WB_BH_00681    (0)   21 :  0.008 0.008 0.094 0.891 
1433 WB_BH_00685    (0)   21 :  0.007 0.005 0.845 0.144 
1434 WB_BH_00687    (0)   21 :  0.008 0.017 0.933 0.042 
1435 WB_BH_00689    (0)   21 :  0.005 0.006 0.926 0.064 
1436 WB_BH_00696    (0)   21 :  0.005 0.004 0.277 0.715 
1437 WB_BH_00831    (0)   21 :  0.004 0.004 0.137 0.854 
1438 WB_BH_00832    (0)   21 :  0.074 0.110 0.761 0.056 
1439 WB_BH_00833    (0)   21 :  0.003 0.003 0.172 0.822 
1440 WB_BH_00834    (0)   21 :  0.007 0.004 0.086 0.903 
1441 WB_BH_00835    (0)   21 :  0.006 0.007 0.951 0.037 
1442 WB_BH_00836    (0)   21 :  0.113 0.142 0.703 0.041 
1443 WB_BH_00837    (0)   21 :  0.007 0.032 0.919 0.042 
1444 WB_BH_00838    (0)   21 :  0.008 0.008 0.952 0.032 
1445 WB_BH_00839    (0)   21 :  0.016 0.007 0.300 0.677 
1446 WB_BH_00841    (0)   21 :  0.005 0.004 0.128 0.863 
1447 WB_BH_00842    (0)   21 :  0.004 0.004 0.073 0.919 
1448 WB_BH_00845    (0)   21 :  0.020 0.018 0.276 0.685 
1449 WB_BH_00846    (0)   21 :  0.028 0.015 0.359 0.598 
1450 WB_BH_00847    (0)   21 :  0.007 0.004 0.179 0.810 
1451 WB_BH_00849    (0)   21 :  0.007 0.005 0.115 0.873 
1452 WB_BH_01167    (0)   21 :  0.008 0.005 0.094 0.893 
1453 WB_BH_01168    (0)   21 :  0.008 0.008 0.942 0.042 
1454 WB_BH_01169    (0)   21 :  0.009 0.018 0.097 0.875 
1455 WB_BH_01170    (0)   21 :  0.006 0.006 0.863 0.125 
1456 WB_BH_01171    (0)   21 :  0.014 0.014 0.085 0.887 
1457 WB_BH_01172    (0)   21 :  0.066 0.015 0.471 0.448 
1458 WB_BH_01173    (0)   21 :  0.009 0.008 0.123 0.860 
1459 WB_BH_01174    (0)   21 :  0.038 0.019 0.275 0.668 
1460 WB_BH_01175    (0)   21 :  0.004 0.004 0.926 0.067 
1461 WB_BH_01176    (0)   21 :  0.051 0.020 0.224 0.705 
1462 WB_BH_01177    (3)   21 :  0.007 0.005 0.181 0.806 
1463 WB_BH_01178    (0)   21 :  0.022 0.010 0.493 0.475 
1464 WB_BH_01179    (0)   21 :  0.005 0.004 0.168 0.823 
1465 WB_BH_01180    (0)   21 :  0.005 0.006 0.932 0.057 
1466 WB_BH_01181    (0)   21 :  0.009 0.006 0.134 0.852 
1467 WB_BH_01182    (0)   21 :  0.012 0.006 0.230 0.752 
1468 WB_BH_01183    (0)   21 :  0.006 0.003 0.273 0.718 
1469 WB_BH_01184    (0)   21 :  0.011 0.020 0.108 0.862 
1470 WB_BH_01185    (0)   21 :  0.084 0.058 0.425 0.433 
1471 WB_BH_01194    (0)   21 :  0.007 0.005 0.158 0.831 
1472 WB_BH_01195    (0)   21 :  0.013 0.009 0.076 0.903 
1473 WB_BH_01196    (0)   21 :  0.009 0.022 0.843 0.125 
1474 WB_BH_01197    (0)   21 :  0.005 0.004 0.238 0.754 
1475 WB_BH_01585    (0)   21 :  0.016 0.008 0.237 0.740 
1476 WB_BH_01594    (0)   21 :  0.006 0.008 0.942 0.044 
1477 WB_BH_01595    (0)   21 :  0.010 0.012 0.168 0.810 
1478 WB_BH_01699    (0)   21 :  0.418 0.293 0.152 0.137 
1479 WB_BH_01700    (0)   21 :  0.017 0.008 0.162 0.813 
1480 WB_BH_50040    (0)   21 :  0.009 0.008 0.071 0.912 
1481 WB_BH_50041    (0)   21 :  0.045 0.038 0.391 0.526 
1482 WB_BH_50042    (0)   21 :  0.011 0.021 0.872 0.096 
1483 WB_BH_50043    (0)   21 :  0.325 0.027 0.457 0.190 
1484 WB_BH_50046    (0)   21 :  0.009 0.009 0.908 0.073 
1485 WB_BH_50047    (0)   21 :  0.012 0.011 0.281 0.696 
1486 WB_BH_50048    (0)   21 :  0.015 0.016 0.934 0.035 
1487 WB_BH_50058    (0)   21 :  0.057 0.035 0.820 0.089 
1488 WB_BH_50060    (0)   21 :  0.016 0.023 0.905 0.056 
1489 WB_BH_50061    (0)   21 :  0.007 0.005 0.068 0.920 
1490 WB_BH_50062    (0)   21 :  0.007 0.007 0.202 0.785 
1491 WB_BH_50063    (0)   21 :  0.004 0.003 0.251 0.742 
1492 WB_BH_50115    (3)   21 :  0.008 0.008 0.948 0.037 
1493 WB_BH_50116    (0)   21 :  0.006 0.010 0.950 0.034 
1494 WB_BH_50117    (0)   21 :  0.028 0.049 0.683 0.240 
1495 WB_BH_50118    (0)   21 :  0.506 0.064 0.123 0.307 
1496 WB_BH_50119    (0)   21 :  0.007 0.005 0.205 0.784 
1497 WB_BH_50120    (0)   21 :  0.009 0.016 0.695 0.281 
1498 WB_BH_50123    (0)   21 :  0.019 0.015 0.509 0.456 
1499 WB_BH_50124    (0)   21 :  0.009 0.007 0.133 0.850 
1500 WB_BH_50125    (0)   21 :  0.012 0.009 0.124 0.855 
1501 WB_BH_50126    (0)   21 :  0.008 0.006 0.226 0.760 
1502 WB_BH_50127    (0)   21 :  0.009 0.007 0.191 0.794 
1503 WB_BH_50128    (0)   21 :  0.279 0.141 0.448 0.132 
1504 WB_BH_50182    (0)   21 :  0.008 0.008 0.135 0.850 
1505 WB_BH_50183    (0)   21 :  0.051 0.027 0.388 0.534 
1506 WB_BH_50196    (0)   21 :  0.025 0.029 0.856 0.090 
1507 WB_BH_50197    (0)   21 :  0.038 0.025 0.424 0.513 
1508 WB_BH_50198    (3)   21 :  0.087 0.022 0.858 0.033 
1509 WB_BH_50199    (0)   21 :  0.013 0.007 0.084 0.897 
1510 WB_BH_50200    (0)   21 :  0.013 0.007 0.201 0.780 
1511 WB_BH_50202    (0)   21 :  0.006 0.004 0.188 0.802 
1512 WB_BH_50208    (0)   21 :  0.007 0.005 0.148 0.839 
1513 WB_BH_50209    (0)   21 :  0.019 0.005 0.728 0.248 
1514 WB_BH_50210    (0)   21 :  0.009 0.004 0.114 0.872 
1515 WB_BH_50427    (0)   21 :  0.025 0.010 0.625 0.340 
1516 WB_BH_50495    (0)   21 :  0.005 0.003 0.335 0.658 
1517 WB_BH_50740    (0)   21 :  0.009 0.015 0.919 0.057 
1518 WB_BH_50868   (15)   21 :  0.007 0.010 0.781 0.202 
1519 WB_BH_50869    (0)   21 :  0.889 0.099 0.006 0.006 
1520 WB_BH_50870    (0)   21 :  0.013 0.011 0.120 0.856 
1521 WB_BH_50871    (0)   21 :  0.007 0.005 0.211 0.777 
1522 WB_BH_50916    (0)   21 :  0.014 0.021 0.116 0.849 
1523 WB_BH_50917    (0)   21 :  0.031 0.017 0.277 0.676 
1524 WB_BH_50918    (0)   21 :  0.007 0.005 0.206 0.781 
1525 WB_BH_50919    (0)   21 :  0.009 0.057 0.788 0.146 
1526 WB_BH_90240    (0)   21 :  0.022 0.008 0.391 0.579 
1527 WB_BH_90402    (0)   21 :  0.009 0.007 0.209 0.775 
1528 WB_BH_90417    (0)   21 :  0.863 0.119 0.008 0.010 
1529 WB_BH_90419    (0)   21 :  0.452 0.152 0.188 0.208 
1530 WB_BH_90429    (0)   21 :  0.017 0.055 0.826 0.102 
1531 WB_BH_90435    (0)   21 :  0.210 0.050 0.233 0.507 
1532 WB_BH_90438    (0)   21 :  0.330 0.113 0.129 0.429 
1533 WB_BH_90440    (9)   21 :  0.208 0.780 0.006 0.005 
1534 WB_BH_90459    (0)   21 :  0.947 0.031 0.012 0.011 
1535 WB_BH_90552    (0)   21 :  0.409 0.034 0.288 0.269 
1536 WB_BH_90554    (0)   21 :  0.394 0.035 0.341 0.230 
1537 WB_BH_90562    (0)   21 :  0.124 0.067 0.713 0.096 
1538 WB_BH_90566    (0)   21 :  0.558 0.083 0.180 0.179 
1539 WB_BH_90569    (0)   21 :  0.650 0.061 0.094 0.195 
1540 WB_BH_90570    (0)   21 :  0.713 0.085 0.173 0.029 
1541 WB_BH_90572    (0)   21 :  0.127 0.162 0.635 0.077 
1542 WB_BH_90580    (0)   21 :  0.701 0.031 0.098 0.170 
1543   WB_D30    (0)   21 :  0.014 0.009 0.204 0.773 
1544   WB_D31    (0)   21 :  0.008 0.010 0.627 0.356 
1545   WB_D32   (15)   21 :  0.010 0.008 0.208 0.774 
1546   WB_D33    (0)   21 :  0.093 0.080 0.613 0.215 
1547   WB_D34    (0)   21 :  0.103 0.030 0.530 0.338 
1548   WB_D35    (0)   21 :  0.038 0.021 0.136 0.804 
1549   WB_D36    (0)   21 :  0.016 0.013 0.875 0.096 
1550   WB_D37    (0)   21 :  0.004 0.003 0.143 0.849 
1551   WB_D38    (3)   21 :  0.013 0.019 0.153 0.815 
1552   WB_D39    (0)   21 :  0.010 0.010 0.081 0.899 
1553   WB_D40    (0)   21 :  0.006 0.004 0.195 0.796 
1554   WB_D41    (0)   21 :  0.009 0.008 0.157 0.826 
1555   WB_D42    (0)   21 :  0.012 0.008 0.400 0.580 
1556   WB_D43    (0)   21 :  0.041 0.203 0.702 0.055 
1557   WB_D44    (0)   21 :  0.006 0.006 0.093 0.896 
1558   WB_D45    (0)   21 :  0.006 0.005 0.212 0.776 
1559   WB_D46    (0)   21 :  0.007 0.006 0.176 0.812 
1560   WB_D47    (0)   21 :  0.094 0.028 0.138 0.739 
1561   WB_D48    (0)   21 :  0.004 0.003 0.117 0.875 
1562   WB_D49    (0)   21 :  0.005 0.007 0.938 0.050 
1563   WB_D50    (0)   21 :  0.005 0.004 0.167 0.824 
1564 WB_Elu_3210    (0)   21 :  0.841 0.077 0.030 0.051 
1565 Z_BH_90761    (0)   22 :  0.942 0.048 0.005 0.005 
1566 Z_BH_90834    (0)   22 :  0.095 0.868 0.022 0.015 
1567 Z_BH_90874    (0)   22 :  0.759 0.224 0.008 0.009 
1568 Z_BH_90906    (0)   22 :  0.948 0.033 0.010 0.010 
1569 Z_BH_91008R    (3)   22 :  0.934 0.051 0.008 0.008 
1570 Z_BH_91038R    (3)   22 :  0.665 0.234 0.054 0.047 
1571 Z_BH_91053    (0)   22 :  0.901 0.072 0.016 0.011 
1572 Z_BH_91068    (0)   22 :  0.945 0.022 0.017 0.016 
1573 Z_BH_91069R    (0)   22 :  0.905 0.085 0.005 0.005 
1574 Z_BH_91098R    (0)   22 :  0.388 0.583 0.017 0.012 
1575 Z_BH_91105R    (0)   22 :  0.365 0.603 0.018 0.015 
1576 Z_BH_91118    (0)   22 :  0.721 0.253 0.012 0.013 
1577 Z_BH_91152    (0)   22 :  0.977 0.017 0.004 0.003 
1578 Z_BH_91153    (0)   22 :  0.920 0.056 0.012 0.012 
1579 Z_BH_91157    (0)   22 :  0.868 0.112 0.009 0.011 
1580 Z_BH_91164    (0)   22 :  0.634 0.345 0.011 0.010 
1581 Z_BH_91169    (0)   22 :  0.196 0.774 0.017 0.012 
1582 Z_BH_91182    (0)   22 :  0.170 0.820 0.005 0.005 


Estimated Allele Frequencies in each cluster
First column gives estimated ancestral frequencies


Locus 1 : 
2 alleles
0.1% missing data
   1   (0.520) 0.609 0.748 0.151 0.145 
   3   (0.480) 0.391 0.252 0.849 0.855 

Locus 2 : 
2 alleles
0.0% missing data
   3   (0.557) 0.554 0.317 0.788 0.814 
   4   (0.443) 0.446 0.683 0.212 0.186 

Locus 3 : 
2 alleles
0.0% missing data
   1   (0.561) 0.522 0.407 0.796 0.844 
   3   (0.439) 0.478 0.593 0.204 0.156 

Locus 4 : 
2 alleles
5.0% missing data
   1   (0.514) 0.475 0.237 0.828 0.852 
   2   (0.486) 0.525 0.763 0.172 0.148 

Locus 5 : 
2 alleles
1.4% missing data
   4   (0.601) 0.592 0.283 0.890 0.882 
   2   (0.399) 0.408 0.717 0.110 0.118 

Locus 6 : 
2 alleles
0.0% missing data
   1   (0.447) 0.537 0.592 0.150 0.100 
   3   (0.553) 0.463 0.408 0.850 0.900 

Locus 7 : 
2 alleles
0.2% missing data
   3   (0.356) 0.252 0.111 0.814 0.805 
   4   (0.644) 0.748 0.889 0.186 0.195 

Locus 8 : 
2 alleles
0.0% missing data
   4   (0.941) 0.995 1.000 0.266 0.119 
   3   (0.059) 0.005 0.000 0.734 0.881 

Locus 9 : 
2 alleles
0.0% missing data
   1   (0.618) 0.776 0.723 0.174 0.187 
   2   (0.382) 0.224 0.277 0.826 0.813 

Locus 10 : 
2 alleles
0.4% missing data
   1   (0.365) 0.301 0.591 0.233 0.274 
   4   (0.635) 0.699 0.409 0.767 0.726 

Locus 11 : 
2 alleles
0.3% missing data
   1   (0.934) 0.991 0.999 0.428 0.291 
   2   (0.066) 0.009 0.001 0.572 0.709 

Locus 12 : 
2 alleles
0.0% missing data
   2   (0.450) 0.366 0.239 0.805 0.791 
   4   (0.550) 0.634 0.761 0.195 0.209 

Locus 13 : 
2 alleles
0.0% missing data
   3   (0.552) 0.533 0.463 0.722 0.714 
   4   (0.448) 0.467 0.537 0.278 0.286 

Locus 14 : 
2 alleles
0.0% missing data
   1   (0.691) 0.788 0.453 0.763 0.765 
   3   (0.309) 0.212 0.547 0.237 0.235 

Locus 15 : 
2 alleles
0.0% missing data
   4   (0.505) 0.622 0.452 0.264 0.237 
   2   (0.495) 0.378 0.548 0.736 0.763 

Locus 16 : 
2 alleles
1.9% missing data
   3   (0.543) 0.485 0.572 0.746 0.636 
   4   (0.457) 0.515 0.428 0.254 0.364 

Locus 17 : 
2 alleles
2.0% missing data
   2   (0.504) 0.559 0.432 0.432 0.396 
   4   (0.496) 0.441 0.568 0.568 0.604 

Locus 18 : 
2 alleles
0.0% missing data
   3   (0.723) 0.741 0.781 0.825 0.817 
   4   (0.277) 0.259 0.219 0.175 0.183 

Locus 19 : 
2 alleles
0.8% missing data
   2   (0.946) 0.931 1.000 0.977 0.996 
   3   (0.054) 0.069 0.000 0.023 0.004 

Locus 20 : 
2 alleles
0.0% missing data
   2   (0.170) 0.098 0.527 0.290 0.001 
   3   (0.830) 0.902 0.473 0.710 0.999 

Locus 21 : 
2 alleles
0.1% missing data
   1   (0.353) 0.361 0.283 0.276 0.247 
   3   (0.647) 0.639 0.717 0.724 0.753 

Locus 22 : 
2 alleles
0.0% missing data
   2   (0.335) 0.304 0.367 0.244 0.235 
   4   (0.665) 0.696 0.633 0.756 0.765 

Locus 23 : 
2 alleles
0.7% missing data
   2   (0.744) 0.817 0.819 0.682 0.687 
   4   (0.256) 0.183 0.181 0.318 0.313 

Locus 24 : 
2 alleles
0.0% missing data
   4   (0.357) 0.394 0.262 0.218 0.239 
   2   (0.643) 0.606 0.738 0.782 0.761 

Locus 25 : 
2 alleles
0.0% missing data
   2   (0.598) 0.538 0.739 0.689 0.736 
   3   (0.402) 0.462 0.261 0.311 0.264 

Locus 26 : 
2 alleles
0.0% missing data
   2   (0.634) 0.604 0.707 0.757 0.780 
   4   (0.366) 0.396 0.293 0.243 0.220 

Locus 27 : 
2 alleles
0.1% missing data
   3   (0.466) 0.524 0.419 0.355 0.285 
   4   (0.534) 0.476 0.581 0.645 0.715 

Locus 28 : 
2 alleles
0.0% missing data
   2   (0.558) 0.552 0.575 0.619 0.611 
   4   (0.442) 0.448 0.425 0.381 0.389 

Locus 29 : 
2 alleles
0.2% missing data
   4   (0.726) 0.798 0.683 0.753 0.779 
   3   (0.274) 0.202 0.317 0.247 0.221 

Locus 30 : 
2 alleles
0.0% missing data
   1   (0.759) 0.839 0.774 0.758 0.729 
   3   (0.241) 0.161 0.226 0.242 0.271 

Locus 31 : 
2 alleles
0.2% missing data
   1   (0.685) 0.745 0.704 0.651 0.703 
   4   (0.315) 0.255 0.296 0.349 0.297 

Locus 32 : 
2 alleles
0.0% missing data
   1   (0.844) 0.906 0.548 0.733 0.999 
   2   (0.156) 0.094 0.452 0.267 0.001 

Locus 33 : 
2 alleles
0.0% missing data
   3   (0.331) 0.263 0.546 0.193 0.234 
   4   (0.669) 0.737 0.454 0.807 0.766 

Values of parameters used in structure:
DATAFILE=INFILE/pike33loci_sortedID2_structure,	OUTFILE=bookpike33a/struct_K4_1,	NUMINDS=1582,	NUMLOCI=33,	MISSING=0,	LABEL=1,	POPDATA=1,	POPFLAG=0,	PHENOTYPE=0,	EXTRACOLS=0,	MAXPOPS=4,	BURNIN=50000,	NUMREPS=100000,	USEPOPINFO=0,	INFERALPHA=1,	INFERLAMBDA=0,	POPSPECIFICLAMBDA=0,	POPALPHAS=0,	COMPUTEPROB=1,	NOADMIX=0,	ADMBURNIN=2500,	UPDATEFREQ=200,	PRINTLIKES=0,	INTERMEDSAVE=0,	PRINTKLD=0,	PRINTNET=0,	PRINTLAMBDA=0,	ANCESTDIST=0,	NUMBOXES=1000,	ANCESTPINT=0.90000,	GENSBACK=2,	MIGRPRIOR=0.05000,	PRINTQHAT=0,	PRINTQSUM=0,	ALPHA=1.0000,	FREQSCORR=1,	FPRIORMEAN=0.1000,	FPRIORSD=0.1000,	ONEFST=0,	LAMBDA=1.0000,	UNIFPRIORALPHA=1,	ALPHAMAX=10.0000,	ALPHAPRIORA=1.0000,	ALPHAPRIORB=2.0000,	ALPHAPROPSD=0.0500,	STARTATPOPINFO=0,	RANDOMIZE=1,	LINKAGE=0,	METROFREQ=20,	REPORTHITRATE=0,	MARKOVPHASE=0,	PHASED=0,	PLOIDY=2,	PHASEINFO=0	LOCPRIOR=0, 	LOCPRIORINIT=1.000000, 	LOCDATA=0, 	LOCISPOP=0, 	LOCPRIORSTEP=0.100000, 	MAXLOCPRIOR=20.000000, 	SEED=1684235396,	
[STRAT parameters]:    NUMSIMSTATS=1000,	PHENOTYPECOL=-9,	POOLFREQ=10,	LOCUSxONLY=0,	EMERROR=0.00100,	MISSINGPHENO=-9,	